-0.03160296,-0.13543768,0
-0.25399553,0.00597215,0
-0.08434337,0.17249436,0
-0.0292978,-0.19555404,0
-0.09609925,0.00042581,0
-0.22559412,0.04186934,0
-0.00234013,-0.28655445,0
-0.00170317,-0.04617429,0
-0.25399553,0.00597215,0
-0.08434337,0.17249436,0
0.17513163,-0.09603061,0
-0.25399553,0.00597215,0
-0.25399553,0.00597215,0
0.26452408,-0.1697212,0
-0.25399553,0.00597215,0
-0.03160296,-0.13543768,0
0.20151055,0.12980248,0
0.17513163,-0.09603061,0
-0.06963053,0.04252311,0
0.02373597,0.0072617,0
0.11863837,0.10549377,0
-0.08434337,0.17249436,0
-0.25399553,0.00597215,0
-0.25399553,0.00597215,0
0.11863837,0.10549377,0
0.00286527,-0.23050209,0
0.05808236,-0.13841292,0
-0.25399553,0.00597215,0
-0.25399553,0.00597215,0
-0.04692104,-0.21020931,0
-0.08434337,0.17249436,0
-0.05676887,-0.06639917,0
0.04757659,0.00072489,0
-0.10771012,-0.02876351,0
0.11863837,0.10549377,0
0.00770315,0.0989158,0
0.03312386,0.10549306,0
0.14061687,-0.06423431,0
0.17848867,0.06589856,0
0.20244697,0.13117859,0
-0.17637879,0.04380098,0
-0.00170317,-0.04617429,0
0.07323012,-0.08014699,0
-0.25399553,0.00597215,0
0.11863837,0.10549377,0
-0.25399553,0.00597215,0
-0.25399553,0.00597215,0
0.20244697,0.13117859,0
0.20244697,0.13117859,0
0.11863837,0.10549377,0
0.00770315,0.0989158,0
0.17513163,-0.09603061,0
0.15017138,-0.39867568,0
0.20244697,0.13117859,0
0.20244697,0.13117859,0
0.24984445,-0.21962292,0
0.20244697,0.13117859,0
0.11194901,0.01619698,0
0.20244697,0.13117859,0
0.08696064,0.09651897,0
0.05706349,0.03063306,0
-0.08434337,0.17249436,0
-0.04801756,-0.13164137,0
-0.10883046,-0.28710913,0
-0.03745873,-0.11446046,0
0.17513163,-0.09603061,0
0.11863837,0.10549377,0
0.11654072,-0.12283418,0
-0.25399553,0.00597215,0
-0.10771012,-0.02876351,0
0.04758385,0.04680175,0
0.20244697,0.13117859,0
0.20244697,0.13117859,0
0.20244697,0.13117859,0
-0.02110998,-0.09594184,0
-0.02503558,-0.0337095,0
0.17513163,-0.09603061,0
-0.25399553,0.00597215,0
-0.03841275,-0.12259038,0
-0.25399553,0.00597215,0
-0.08781487,0.11043132,0
-0.07960075,0.11442554,0
-0.25399553,0.00597215,0
-0.11524302,0.11206341,0
0.11863837,0.10549377,0
0.00406384,-0.06290518,0
-0.03160296,-0.13543768,0
-0.08434337,0.17249436,0
0.04757659,0.00072489,0
-0.25399553,0.00597215,0
0.0642881,0.00014593,0
-0.00170317,-0.04617429,0
-0.08434337,0.17249436,0
-0.14353138,-0.00099953,0
0.13682673,-0.07689228,0
0.17513163,-0.09603061,0
0.11863837,0.10549377,0
-0.25399553,0.00597215,0
0.11863837,0.10549377,0
0.08696064,0.09651897,0
-0.08434337,0.17249436,0
0.0642881,0.00014593,0
-0.04692104,-0.21020931,0
-0.25399553,0.00597215,0
0.11863837,0.10549377,0
0.00770315,0.0989158,0
-0.08434337,0.17249436,0
0.20244697,0.13117859,0
0.17513163,-0.09603061,0
0.22534277,-0.2232831,0
0.04758385,0.04680175,0
0.20244697,0.13117859,0
-0.25399553,0.00597215,0
0.01574723,-0.07719718,0
0.17270702,-0.2284568,0
0.11311326,-0.1168515,0
0.03220171,0.01253484,0
0.11863837,0.10549377,0
-0.25399553,0.00597215,0
0.16211904,-0.2100976,0
0.20244697,0.13117859,0
0.04758385,0.04680175,0
-0.04692104,-0.21020931,0
0.20244697,0.13117859,0
-0.04692104,-0.21020931,0
-0.16410202,-0.042937,0
-0.14353138,-0.00099953,0
0.20244697,0.13117859,0
0.20244697,0.13117859,0
0.20244697,0.13117859,0
0.00170294,-0.08801504,0
0.20244697,0.13117859,0
-0.03745873,-0.11446046,0
-0.1669317,-0.23907405,0
0.17513163,-0.09603061,0
0.11737026,0.03207837,0
0.03312386,0.10549306,0
-0.25399553,0.00597215,0
0.11863837,0.10549377,0
-0.25399553,0.00597215,0
-0.08434337,0.17249436,0
0.11863837,0.10549377,0
0.11863837,0.10549377,0
0.02373597,0.0072617,0
0.11737026,0.03207837,0
-0.25399553,0.00597215,0
0.11863837,0.10549377,0
-0.08434337,0.17249436,0
-0.25399553,0.00597215,0
-0.25399553,0.00597215,0
-0.03160296,-0.13543768,0
0.20244697,0.13117859,0
0.02373597,0.0072617,0
0.20244697,0.13117859,0
0.20244697,0.13117859,0
0.11311326,-0.1168515,0
0.20244697,0.13117859,0
0.11863837,0.10549377,0
0.09132311,0.02345956,0
0.08854231,-0.0087934,0
-0.05708785,-0.08867123,0
-0.17637879,0.04380098,0
0.08696064,0.09651897,0
-0.25399553,0.00597215,0
0.17513163,-0.09603061,0
-0.08434337,0.17249436,0
-0.08434337,0.17249436,0
0.17513163,-0.09603061,0
0.00286527,-0.23050209,0
0.11863837,0.10549377,0
0.12374227,-0.11792627,0
-0.02124235,-0.25328622,0
-0.03160296,-0.13543768,0
0.17513163,-0.09603061,0
0.11863837,0.10549377,0
0.13682673,-0.07689228,0
-0.06963053,0.04252311,0
0.20244697,0.13117859,0
-0.08434337,0.17249436,0
0.20151055,0.12980248,0
-0.11147241,-0.04759926,0
-0.25399553,0.00597215,0
0.11863837,0.10549377,0
0.20244697,0.13117859,0
-0.00170317,-0.04617429,0
0.13682673,-0.07689228,0
-0.03160296,-0.13543768,0
-0.09609925,0.00042581,0
-0.03863953,-0.08369615,0
0.08696064,0.09651897,0
0.08443941,-0.00926053,0
0.11863837,0.10549377,0
0.20151055,0.12980248,0
0.11863837,0.10549377,0
0.00770315,0.0989158,0
-0.25399553,0.00597215,0
0.06357681,0.01529895,0
0.11863837,0.10549377,0
0.17513163,-0.09603061,0
0.00170294,-0.08801504,0
0.09132311,0.02345956,0
-0.08434337,0.17249436,0
-0.25399553,0.00597215,0
-0.25399553,0.00597215,0
-0.25399553,0.00597215,0
0.04144915,0.03796961,0
0.15895423,-0.10247403,0
-0.25399553,0.00597215,0
0.01947921,-0.00528761,0
0.11863837,0.10549377,0
0.17513163,-0.09603061,0
-0.00170317,-0.04617429,0
0.13682673,-0.07689228,0
0.17513163,-0.09603061,0
0.25910508,-0.12632813,0
-0.04692104,-0.21020931,0
0.05808236,-0.13841292,0
-0.25399553,0.00597215,0
0.17513163,-0.09603061,0
0.20244697,0.13117859,0
0.06357681,0.01529895,0
0.17513163,-0.09603061,0
0.28404728,-0.01364843,0
0.16238758,-0.03513986,0
-0.25399553,0.00597215,0
-0.03160296,-0.13543768,0
-0.25399553,0.00597215,0
-0.08434337,0.17249436,0
-0.10718829,0.03327753,0
-0.08434337,0.17249436,0
-0.08434337,0.17249436,0
-0.25399553,0.00597215,0
-0.08288707,-0.20255463,0
0.22534277,-0.2232831,0
-0.25399553,0.00597215,0
-0.10718829,0.03327753,0
-0.25399553,0.00597215,0
0.11737026,0.03207837,0
-0.08434337,0.17249436,0
0.1300691,-0.15176316,0
-0.25399553,0.00597215,0
0.21105963,-0.02256437,0
-0.25399553,0.00597215,0
-0.03995857,0.03111897,0
0.05808236,-0.13841292,0
-0.03160296,-0.13543768,0
0.0447584,-0.10776826,0
-0.25399553,0.00597215,0
-0.25399553,0.00597215,0
0.07072851,-0.01955521,0
0.01805363,0.00224832,0
-0.10718829,0.03327753,0
0.11863837,0.10549377,0
-0.25399553,0.00597215,0
-0.03160296,-0.13543768,0
0.20244697,0.13117859,0
0.17513163,-0.09603061,0
0.17513163,-0.09603061,0
0.07340472,-0.03222532,0
0.17513163,-0.09603061,0
-0.25399553,0.00597215,0
-0.25399553,0.00597215,0
0.13682673,-0.07689228,0
0.20244697,0.13117859,0
0.17513163,-0.09603061,0
-0.08434337,0.17249436,0
0.00770315,0.0989158,0
-0.08434337,0.17249436,0
-0.10718829,0.03327753,0
-0.25399553,0.00597215,0
-0.25399553,0.00597215,0
0.08696064,0.09651897,0
-0.25399553,0.00597215,0
-0.03662534,-0.07164438,0
-0.08434337,0.17249436,0
0.00770315,0.0989158,0
-0.0185049,0.12298478,0
0.11737026,0.03207837,0
-0.03662534,-0.07164438,0
0.01069294,0.09417555,0
0.13682673,-0.07689228,0
-0.06323843,0.0904772,0
-0.03160296,-0.13543768,0
0.11737026,0.03207837,0
-0.25399553,0.00597215,0
-0.25399553,0.00597215,0
0.13682673,-0.07689228,0
0.10934166,-0.01557186,0
-0.04692104,-0.21020931,0
-0.25399553,0.00597215,0
0.11863837,0.10549377,0
-0.08434337,0.17249436,0
0.20244697,0.13117859,0
0.20244697,0.13117859,0
0.13682673,-0.07689228,0
0.13682673,-0.07689228,0
0.20244697,0.13117859,0
-0.25399553,0.00597215,0
0.00770315,0.0989158,0
0.11863837,0.10549377,0
-0.25399553,0.00597215,0
0.11863837,0.10549377,0
-0.25399553,0.00597215,0
-0.25399553,0.00597215,0
0.17513163,-0.09603061,0
-0.04692104,-0.21020931,0
0.11863837,0.10549377,0
0.17513163,-0.09603061,0
0.20244697,0.13117859,0
0.11863837,0.10549377,0
0.15895423,-0.10247403,0
-0.10883046,-0.28710913,0
-0.10718829,0.03327753,0
0.20244697,0.13117859,0
-0.10771012,-0.02876351,0
-0.04692104,-0.21020931,0
-0.25399553,0.00597215,0
0.11863837,0.10549377,0
-0.08434337,0.17249436,0
0.0888025,-0.34948263,0
-0.25399553,0.00597215,0
-0.25399553,0.00597215,0
0.20244697,0.13117859,0
0.11863837,0.10549377,0
0.13682673,-0.07689228,0
-0.25399553,0.00597215,0
-0.10771012,-0.02876351,0
-0.25399553,0.00597215,0
0.17513163,-0.09603061,0
-0.25399553,0.00597215,0
-0.08434337,0.17249436,0
0.11936776,0.0060746,0
-0.25399553,0.00597215,0
0.22534277,-0.2232831,0
0.148714,-0.14561909,0
0.11737026,0.03207837,0
-0.25399553,0.00597215,0
-0.11524302,0.11206341,0
-0.03745873,-0.11446046,0
0.13682673,-0.07689228,0
-0.25399553,0.00597215,0
-0.08434337,0.17249436,0
-0.25399553,0.00597215,0
-0.25399553,0.00597215,0
-0.04692104,-0.21020931,0
0.11863837,0.10549377,0
0.0642881,0.00014593,0
0.11863837,0.10549377,0
0.08189299,-0.04260564,0
-0.14353138,-0.00099953,0
0.01807571,-0.15967636,0
0.20244697,0.13117859,0
0.01947921,-0.00528761,0
-0.25399553,0.00597215,0
0.13682673,-0.07689228,0
-0.08434337,0.17249436,0
-0.25399553,0.00597215,0
-0.25399553,0.00597215,0
-0.08434337,0.17249436,0
-0.25399553,0.00597215,0
-0.06963053,0.04252311,0
0.20244697,0.13117859,0
-0.10771012,-0.02876351,0
-0.0269046,-0.19179578,0
0.00770315,0.0989158,0
0.13682673,-0.07689228,0
0.01270853,0.09982282,0
0.17513163,-0.09603061,0
0.03732139,0.06597545,0
0.11863837,0.10549377,0
-0.04692104,-0.21020931,0
0.11737026,0.03207837,0
0.11863837,0.10549377,0
0.11863837,0.10549377,0
0.0650798,-0.08783663,0
-0.06963053,0.04252311,0
0.13682673,-0.07689228,0
0.16238758,-0.03513986,0
0.05808236,-0.13841292,0
-0.08434337,0.17249436,0
0.11863837,0.10549377,0
0.17513163,-0.09603061,0
-0.25399553,0.00597215,0
-0.08434337,0.17249436,0
0.04758385,0.04680175,0
-0.25399553,0.00597215,0
0.13682673,-0.07689228,0
0.11863837,0.10549377,0
-0.03160296,-0.13543768,0
-0.08434337,0.17249436,0
-0.25399553,0.00597215,0
0.24492903,-0.06663428,0
-0.06323843,0.0904772,0
-0.25399553,0.00597215,0
-0.25399553,0.00597215,0
0.00770315,0.0989158,0
0.00770315,0.0989158,0
-0.0360455,0.0531891,0
0.11863837,0.10549377,0
0.13589956,0.0813043,0
0.17513163,-0.09603061,0
-0.10718829,0.03327753,0
-0.25399553,0.00597215,0
-0.08434337,0.17249436,0
0.26749775,-0.21713105,0
0.13682673,-0.07689228,0
-0.25399553,0.00597215,0
0.13682673,-0.07689228,0
0.20244697,0.13117859,0
0.20244697,0.13117859,0
0.11863837,0.10549377,0
0.20244697,0.13117859,0
0.01270853,0.09982282,0
0.13682673,-0.07689228,0
-0.08434337,0.17249436,0
0.20244697,0.13117859,0
-0.03160296,-0.13543768,0
-0.25399553,0.00597215,0
-0.05708785,-0.08867123,0
-0.16752843,0.06761732,0
0.11863837,0.10549377,0
-0.08434337,0.17249436,0
0.11863837,0.10549377,0
0.20151055,0.12980248,0
-0.06963053,0.04252311,0
-0.25399553,0.00597215,0
0.05808236,-0.13841292,0
0.03964841,0.12550254,0
0.00286527,-0.23050209,0
-0.08434337,0.17249436,0
-0.08434337,0.17249436,0
0.00286527,-0.23050209,0
0.02373597,0.0072617,0
-0.04979843,0.00944752,0
0.15121969,-0.11476355,0
-0.25399553,0.00597215,0
0.20244697,0.13117859,0
0.06586919,-0.10266346,0
-0.04441498,-0.04313307,0
0.05242913,-0.09834043,0
0.08696064,0.09651897,0
0.17513163,-0.09603061,0
-0.08434337,0.17249436,0
-0.04545971,-0.00685642,0
0.15895423,-0.10247403,0
0.20244697,0.13117859,0
-0.25399553,0.00597215,0
-0.22559412,0.04186934,0
0.11863837,0.10549377,0
0.20151055,0.12980248,0
0.17513163,-0.09603061,0
0.03609823,-0.15466725,0
0.14061687,-0.06423431,0
-0.08434337,0.17249436,0
-0.04565272,-0.03958644,0
-0.25399553,0.00597215,0
-0.03662534,-0.07164438,0
0.17513163,-0.09603061,0
-0.08434337,0.17249436,0
-0.25399553,0.00597215,0
0.09850571,-0.18825624,0
-0.08434337,0.17249436,0
-0.25399553,0.00597215,0
-0.25399553,0.00597215,0
0.07340472,-0.03222532,0
0.13682673,-0.07689228,0
0.20244697,0.13117859,0
0.20244697,0.13117859,0
-0.25399553,0.00597215,0
-0.05708785,-0.08867123,0
0.00770315,0.0989158,0
-0.10771012,-0.02876351,0
0.0642881,0.00014593,0
0.0642881,0.00014593,0
0.12374227,-0.11792627,0
-0.08235948,-0.1378715,0
0.20244697,0.13117859,0
0.11863837,0.10549377,0
-0.04692104,-0.21020931,0
0.00018859,-0.07258171,0
-0.25399553,0.00597215,0
0.20151055,0.12980248,0
0.03263866,-0.01505337,0
-0.25399553,0.00597215,0
0.20244697,0.13117859,0
0.06587498,-0.02992408,0
0.11737026,0.03207837,0
0.11863837,0.10549377,0
0.17513163,-0.09603061,0
-0.07189607,-0.23154305,0
0.20151055,0.12980248,0
-0.07960075,0.11442554,0
0.08586434,-0.03598891,0
0.13682673,-0.07689228,0
-0.25399553,0.00597215,0
-0.03160296,-0.13543768,0
0.20244697,0.13117859,0
0.20244697,0.13117859,0
0.20244697,0.13117859,0
0.0642881,0.00014593,0
-0.04692104,-0.21020931,0
0.02373597,0.0072617,0
-0.0530455,-0.12402266,0
0.0650798,-0.08783663,0
-0.10718829,0.03327753,0
-0.04545971,-0.00685642,0
0.05234072,-0.00925661,0
0.13682673,-0.07689228,0
0.148714,-0.14561909,0
0.03220171,0.01253484,0
-0.25399553,0.00597215,0
0.11863837,0.10549377,0
-0.25399553,0.00597215,0
0.11863837,0.10549377,0
-0.08856101,-0.01298089,0
0.20244697,0.13117859,0
0.13589956,0.0813043,0
0.03312386,0.10549306,0
-0.15082159,-0.29312334,0
-0.25399553,0.00597215,0
0.17020323,-0.13257736,0
0.01947921,-0.00528761,0
0.20244697,0.13117859,0
0.20151055,0.12980248,0
-0.0114739,0.06920287,0
-0.03160296,-0.13543768,0
-0.08434337,0.17249436,0
0.01564455,-0.07062422,0
0.11863837,0.10549377,0
-0.03812443,-0.04192691,0
0.20244697,0.13117859,0
-0.0269046,-0.19179578,0
-0.02066806,-0.14529657,0
-0.25399553,0.00597215,0
-0.25399553,0.00597215,0
0.07323012,-0.08014699,0
-0.03160296,-0.13543768,0
0.01505887,-0.16043013,0
-0.08434337,0.17249436,0
0.20244697,0.13117859,0
0.11863837,0.10549377,0
-0.08434337,0.17249436,0
-0.04565272,-0.03958644,0
0.11863837,0.10549377,0
-0.25399553,0.00597215,0
-0.22559412,0.04186934,0
0.01563786,-0.20029247,0
-0.10718829,0.03327753,0
0.20244697,0.13117859,0
0.17513163,-0.09603061,0
-0.00681196,0.02368196,0
0.10937273,-0.11753999,0
0.20244697,0.13117859,0
-0.10771012,-0.02876351,0
-0.08434337,0.17249436,0
-0.08434337,0.17249436,0
-0.25399553,0.00597215,0
-0.04692104,-0.21020931,0
0.20244697,0.13117859,0
-0.05708785,-0.08867123,0
0.20244697,0.13117859,0
-0.25399553,0.00597215,0
-0.08434337,0.17249436,0
-0.03160296,-0.13543768,0
0.14061687,-0.06423431,0
-0.15082159,-0.29312334,0
0.11469011,0.01785709,0
-0.08434337,0.17249436,0
-0.06963053,0.04252311,0
-0.08434337,0.17249436,0
0.20244697,0.13117859,0
0.20151055,0.12980248,0
0.17513163,-0.09603061,0
-0.10771012,-0.02876351,0
-0.03160296,-0.13543768,0
-0.25399553,0.00597215,0
0.13682673,-0.07689228,0
0.20151055,0.12980248,0
0.14061687,-0.06423431,0
0.20117,-0.05475533,0
0.05242913,-0.09834043,0
0.13682673,-0.07689228,0
-0.25399553,0.00597215,0
-0.25399553,0.00597215,0
-0.25399553,0.00597215,0
0.00022061,-0.19668278,0
0.11863837,0.10549377,0
0.00050963,-0.13257945,0
-0.25399553,0.00597215,0
-0.25399553,0.00597215,0
0.13682673,-0.07689228,0
0.17528041,0.08010249,0
-0.04692104,-0.21020931,0
0.11863837,0.10549377,0
0.02373597,0.0072617,0
0.00770315,0.0989158,0
-0.08434337,0.17249436,0
0.20244697,0.13117859,0
0.11654072,-0.12283418,0
0.17513163,-0.09603061,0
0.08696064,0.09651897,0
0.03558283,-0.08485274,0
-0.25399553,0.00597215,0
-0.08434337,0.17249436,0
-0.06423215,-0.18649234,0
0.00170294,-0.08801504,0
-0.25399553,0.00597215,0
0.11863837,0.10549377,0
-0.25399553,0.00597215,0
-0.04692104,-0.21020931,0
0.24450251,-0.02374799,0
0.11863837,0.10549377,0
-0.10771012,-0.02876351,0
-0.08434337,0.17249436,0
0.00770315,0.0989158,0
-0.16752843,0.06761732,0
0.00770315,0.0989158,0
-0.07219103,0.0548306,0
-0.25399553,0.00597215,0
0.17513163,-0.09603061,0
-0.08434337,0.17249436,0
0.17513163,-0.09603061,0
0.2867336,-0.06684314,0
0.15121969,-0.11476355,0
0.26749775,-0.21713105,0
0.11863837,0.10549377,0
0.11863837,0.10549377,0
0.17513163,-0.09603061,0
0.11311326,-0.1168515,0
-0.03160296,-0.13543768,0
-0.25399553,0.00597215,0
0.20244697,0.13117859,0
0.11863837,0.10549377,0
-0.25399553,0.00597215,0
-0.10718829,0.03327753,0
0.11863837,0.10549377,0
0.20244697,0.13117859,0
0.05294535,-0.27611524,0
0.0642881,0.00014593,0
-0.25399553,0.00597215,0
0.20151055,0.12980248,0
0.20244697,0.13117859,0
0.20244697,0.13117859,0
0.08696064,0.09651897,0
0.13682673,-0.07689228,0
0.13682673,-0.07689228,0
0.00286527,-0.23050209,0
0.01564455,-0.07062422,0
0.20151055,0.12980248,0
0.03707711,-0.02401698,0
-0.25399553,0.00597215,0
0.02373597,0.0072617,0
-0.25399553,0.00597215,0
0.11737026,0.03207837,0
0.11737026,0.03207837,0
0.17513163,-0.09603061,0
0.00969779,0.06327858,0
-0.25399553,0.00597215,0
0.11194901,0.01619698,0
-0.08434337,0.17249436,0
0.17513163,-0.09603061,0
0.20244697,0.13117859,0
0.22913865,-0.18167323,0
0.2690722,-0.20739117,0
0.04757659,0.00072489,0
-0.25399553,0.00597215,0
-0.08434337,0.17249436,0
-0.22559412,0.04186934,0
0.17513163,-0.09603061,0
0.14061687,-0.06423431,0
0.20244697,0.13117859,0
0.11863837,0.10549377,0
0.26219077,-0.08052689,0
-0.25399553,0.00597215,0
-0.25399553,0.00597215,0
-0.0396384,-0.20774897,0
0.00770315,0.0989158,0
0.11475354,-0.08654521,0
0.0340577,-0.03726253,0
0.20244697,0.13117859,0
0.04757659,0.00072489,0
0.11863837,0.10549377,0
-0.04786346,-0.08391424,0
-0.03160296,-0.13543768,0
-0.07363177,-0.04767438,0
-0.0292978,-0.19555404,0
-0.02617296,-0.10877106,0
0.13682673,-0.07689228,0
0.00406384,-0.06290518,0
0.17513163,-0.09603061,0
0.06357681,0.01529895,0
-0.14353138,-0.00099953,0
0.11863837,0.10549377,0
-0.10718829,0.03327753,0
0.06586919,-0.10266346,0
-0.13932528,0.00154364,0
-0.25399553,0.00597215,0
0.20244697,0.13117859,0
0.14061687,-0.06423431,0
0.00770315,0.0989158,0
0.11863837,0.10549377,0
0.20603343,-0.08507825,0
0.20244697,0.13117859,0
-0.25399553,0.00597215,0
0.0642881,0.00014593,0
0.17513163,-0.09603061,0
0.1036453,-0.02535519,0
0.11863837,0.10549377,0
0.14061687,-0.06423431,0
0.15895423,-0.10247403,0
0.11737026,0.03207837,0
0.01947921,-0.00528761,0
0.10070391,-0.25806594,0
0.13682673,-0.07689228,0
-0.08434337,0.17249436,0
0.20244697,0.13117859,0
-0.08434337,0.17249436,0
-0.13426351,0.04536345,0
-0.06963053,0.04252311,0
-0.03160296,-0.13543768,0
0.0650798,-0.08783663,0
0.20244697,0.13117859,0
-0.10771012,-0.02876351,0
-0.25399553,0.00597215,0
0.11863837,0.10549377,0
0.0655665,0.12319487,0
-0.10771012,-0.02876351,0
-0.02454233,-0.11105857,0
-0.04979843,0.00944752,0
-0.04692104,-0.21020931,0
0.11863837,0.10549377,0
-0.06963053,0.04252311,0
-0.14353138,-0.00099953,0
-0.25399553,0.00597215,0
-0.04979843,0.00944752,0
-0.25399553,0.00597215,0
0.13682673,-0.07689228,0
0.11863837,0.10549377,0
0.11863837,0.10549377,0
-0.25399553,0.00597215,0
0.20244697,0.13117859,0
0.05808236,-0.13841292,0
0.00406384,-0.06290518,0
0.17513163,-0.09603061,0
-0.03160296,-0.13543768,0
0.17226195,-0.21277719,0
-0.03187749,0.06618813,0
0.05808236,-0.13841292,0
-0.0024913,0.0346744,0
-0.25399553,0.00597215,0
0.20151055,0.12980248,0
0.08696064,0.09651897,0
-0.04692104,-0.21020931,0
-0.25399553,0.00597215,0
-0.25399553,0.00597215,0
-0.25399553,0.00597215,0
-0.25399553,0.00597215,0
-0.25399553,0.00597215,0
-0.16752843,0.06761732,0
0.00770315,0.0989158,0
-0.25399553,0.00597215,0
0.11863837,0.10549377,0
0.20244697,0.13117859,0
0.11863837,0.10549377,0
0.08696064,0.09651897,0
-0.25399553,0.00597215,0
-0.08434337,0.17249436,0
-0.08434337,0.17249436,0
0.20244697,0.13117859,0
0.17513163,-0.09603061,0
0.13682673,-0.07689228,0
-0.05708785,-0.08867123,0
0.20244697,0.13117859,0
-0.25399553,0.00597215,0
-0.05708785,-0.08867123,0
0.22534277,-0.2232831,0
0.16211904,-0.2100976,0
-0.07960075,0.11442554,0
-0.10718829,0.03327753,0
-0.25399553,0.00597215,0
-0.03160296,-0.13543768,0
0.13682673,-0.07689228,0
-0.06963053,0.04252311,0
-0.25399553,0.00597215,0
-0.25399553,0.00597215,0
-0.07670655,-0.14775804,0
0.20244697,0.13117859,0
0.11863837,0.10549377,0
-0.01500056,0.08530994,0
0.15895423,-0.10247403,0
-0.03160296,-0.13543768,0
-0.22559412,0.04186934,0
0.20244697,0.13117859,0
-0.25399553,0.00597215,0
0.11654072,-0.12283418,0
0.04205881,-0.18774409,0
0.08696064,0.09651897,0
-0.0360455,0.0531891,0
0.11737026,0.03207837,0
0.07096682,0.12284143,0
-0.25399553,0.00597215,0
-0.04256174,0.0906944,0
0.08696064,0.09651897,0
-0.22559412,0.04186934,0
0.04759536,0.03919189,0
0.08696064,0.09651897,0
0.13682673,-0.07689228,0
-0.25399553,0.00597215,0
-0.25399553,0.00597215,0
0.11863837,0.10549377,0
0.20244697,0.13117859,0
0.00770315,0.0989158,0
0.02373597,0.0072617,0
0.00286527,-0.23050209,0
-0.25399553,0.00597215,0
-0.08434337,0.17249436,0
-0.25399553,0.00597215,0
0.17513163,-0.09603061,0
-0.25399553,0.00597215,0
-0.08434337,0.17249436,0
-0.08434337,0.17249436,0
-0.10856987,-0.17023829,0
-0.06421213,-0.12971066,0
-0.25399553,0.00597215,0
0.11863837,0.10549377,0
-0.08434337,0.17249436,0
-0.07189607,-0.23154305,0
0.20603343,-0.08507825,0
0.17513163,-0.09603061,0
-0.15752126,-0.03484652,0
0.20244697,0.13117859,0
-0.08434337,0.17249436,0
-0.25399553,0.00597215,0
-0.25399553,0.00597215,0
0.06899645,-0.12786968,0
0.10982918,0.09897761,0
-0.08434337,0.17249436,0
0.0642881,0.00014593,0
0.16857997,0.05746693,0
0.05242913,-0.09834043,0
0.05294535,-0.27611524,0
0.0650798,-0.08783663,0
0.17513163,-0.09603061,0
-0.25399553,0.00597215,0
-0.07590656,0.04720747,0
0.03312386,0.10549306,0
-0.25399553,0.00597215,0
-0.08434337,0.17249436,0
0.22529616,-0.23897487,0
0.17513163,-0.09603061,0
-0.06963053,0.04252311,0
0.22529616,-0.23897487,0
0.20277003,-0.07082421,0
-0.25399553,0.00597215,0
0.11737026,0.03207837,0
0.09207081,-0.03772793,0
0.08696064,0.09651897,0
-0.0360455,0.0531891,0
-0.09510197,0.03029377,0
0.11737026,0.03207837,0
0.17513163,-0.09603061,0
-0.03160296,-0.13543768,0
0.03312386,0.10549306,0
0.11311326,-0.1168515,0
0.11737026,0.03207837,0
-0.05708785,-0.08867123,0
0.26787792,-0.13958566,0
0.11863837,0.10549377,0
0.17513163,-0.09603061,0
0.13682673,-0.07689228,0
0.20151055,0.12980248,0
0.17513163,-0.09603061,0
-0.10718866,0.14227152,0
0.11863837,0.10549377,0
-0.14353138,-0.00099953,0
0.17513163,-0.09603061,0
0.00286527,-0.23050209,0
-0.22559412,0.04186934,0
0.03312386,0.10549306,0
-0.04692104,-0.21020931,0
-0.03160296,-0.13543768,0
0.25910508,-0.12632813,0
-0.06963053,0.04252311,0
-0.08434337,0.17249436,0
-0.25399553,0.00597215,0
-0.14353138,-0.00099953,0
-0.25399553,0.00597215,0
-0.0360455,0.0531891,0
-0.25399553,0.00597215,0
0.13682673,-0.07689228,0
-0.25399553,0.00597215,0
0.0618262,0.11582127,0
0.21297288,-0.0769746,0
0.13682673,-0.07689228,0
0.04758385,0.04680175,0
-0.25399553,0.00597215,0
0.17513163,-0.09603061,0
-0.25399553,0.00597215,0
-0.00170317,-0.04617429,0
0.11863837,0.10549377,0
-0.04565272,-0.03958644,0
0.16211904,-0.2100976,0
-0.11524302,0.11206341,0
0.10934166,-0.01557186,0
-0.10883046,-0.28710913,0
0.10070391,-0.25806594,0
-0.0906542,-0.09198126,0
0.20244697,0.13117859,0
0.20151055,0.12980248,0
-0.02453747,-0.0899591,0
0.20244697,0.13117859,0
0.04758385,0.04680175,0
-0.04692104,-0.21020931,0
0.15895423,-0.10247403,0
-0.04692104,-0.21020931,0
0.15121969,-0.11476355,0
-0.03160296,-0.13543768,0
-0.04692104,-0.21020931,0
0.20244697,0.13117859,0
0.13682673,-0.07689228,0
-0.25399553,0.00597215,0
0.15895423,-0.10247403,0
0.20244697,0.13117859,0
0.08013357,-0.12244911,0
-0.25399553,0.00597215,0
0.20244697,0.13117859,0
-0.25399553,0.00597215,0
0.01947921,-0.00528761,0
0.17513163,-0.09603061,0
-0.25399553,0.00597215,0
0.20244697,0.13117859,0
0.11863837,0.10549377,0
0.11863837,0.10549377,0
-0.03863953,-0.08369615,0
0.11737026,0.03207837,0
-0.25399553,0.00597215,0
-0.10771012,-0.02876351,0
0.20244697,0.13117859,0
-0.08434337,0.17249436,0
-0.25399553,0.00597215,0
0.00770315,0.0989158,0
0.0174181,-0.28762774,0
0.00770315,0.0989158,0
0.17513163,-0.09603061,0
-0.25399553,0.00597215,0
-0.05786725,-0.09164423,0
-0.10718829,0.03327753,0
0.08696064,0.09651897,0
0.15121969,-0.11476355,0
-0.06963053,0.04252311,0
-0.22559412,0.04186934,0
-0.25399553,0.00597215,0
0.17513163,-0.09603061,0
0.11863837,0.10549377,0
0.17528041,0.08010249,0
0.11737026,0.03207837,0
-0.25399553,0.00597215,0
-0.04692104,-0.21020931,0
-0.1048249,0.00662207,0
-0.25399553,0.00597215,0
0.17513163,-0.09603061,0
-0.25399553,0.00597215,0
-0.25399553,0.00597215,0
0.14061687,-0.06423431,0
-0.25399553,0.00597215,0
-0.03160296,-0.13543768,0
-0.03160296,-0.13543768,0
-0.10771012,-0.02876351,0
-0.11524302,0.11206341,0
0.20244697,0.13117859,0
0.11863837,0.10549377,0
-0.25399553,0.00597215,0
-0.25399553,0.00597215,0
0.10937273,-0.11753999,0
0.0029561,-0.16882727,0
-0.04545971,-0.00685642,0
0.17513163,-0.09603061,0
0.08696064,0.09651897,0
-0.08434337,0.17249436,0
-0.25399553,0.00597215,0
-0.25399553,0.00597215,0
-0.00170317,-0.04617429,0
0.11863837,0.10549377,0
-0.01241285,-0.2048152,0
-0.25399553,0.00597215,0
0.20709132,-0.2404975,0
0.0161708,-0.13670005,0
-0.25399553,0.00597215,0
0.05234072,-0.00925661,0
0.00286527,-0.23050209,0
0.11311326,-0.1168515,0
0.18879602,-0.16703926,0
-0.25399553,0.00597215,0
0.22534277,-0.2232831,0
-0.13277373,-0.04428094,0
-0.25399553,0.00597215,0
0.11863837,0.10549377,0
-0.03160296,-0.13543768,0
0.17513163,-0.09603061,0
0.08696064,0.09651897,0
0.20244697,0.13117859,0
0.20244697,0.13117859,0
-0.25399553,0.00597215,0
-0.25399553,0.00597215,0
-0.25399553,0.00597215,0
0.1036453,-0.02535519,0
0.15895423,-0.10247403,0
0.05294535,-0.27611524,0
0.11863837,0.10549377,0
0.13682673,-0.07689228,0
-0.25399553,0.00597215,0
-0.08434337,0.17249436,0
0.04758385,0.04680175,0
0.06577898,-0.04180379,0
0.17513163,-0.09603061,0
0.03220171,0.01253484,0
-0.10771012,-0.02876351,0
0.09377111,0.13308878,0
0.20244697,0.13117859,0
-0.25399553,0.00597215,0
-0.06963053,0.04252311,0
-0.00170317,-0.04617429,0
0.00770315,0.0989158,0
-0.22559412,0.04186934,0
0.13682673,-0.07689228,0
0.09485423,-0.26977228,0
0.04757659,0.00072489,0
-0.08434337,0.17249436,0
-0.06963053,0.04252311,0
-0.25399553,0.00597215,0
-0.25399553,0.00597215,0
0.04758385,0.04680175,0
0.26749775,-0.21713105,0
0.20244697,0.13117859,0
-0.25399553,0.00597215,0
0.15895423,-0.10247403,0
0.06519034,0.06742379,0
0.22529616,-0.23897487,0
-0.10771012,-0.02876351,0
0.11654072,-0.12283418,0
-0.0024913,0.0346744,0
-0.11524302,0.11206341,0
-0.08434337,0.17249436,0
-0.25399553,0.00597215,0
-0.08538436,-0.08529409,0
0.05242913,-0.09834043,0
0.17513163,-0.09603061,0
-0.25399553,0.00597215,0
-0.09786161,-0.08598672,0
-0.25399553,0.00597215,0
0.08696064,0.09651897,0
-0.06963053,0.04252311,0
0.15895423,-0.10247403,0
-0.08434337,0.17249436,0
-0.25399553,0.00597215,0
0.11863837,0.10549377,0
0.14061687,-0.06423431,0
-0.08434337,0.17249436,0
-0.04692104,-0.21020931,0
-0.03160296,-0.13543768,0
0.20151055,0.12980248,0
-0.00170317,-0.04617429,0
0.15073403,0.03748409,0
-0.03160296,-0.13543768,0
0.20151055,0.12980248,0
-0.25399553,0.00597215,0
0.20244697,0.13117859,0
0.0376123,-0.08856752,0
0.11654072,-0.12283418,0
0.00286527,-0.23050209,0
-0.25399553,0.00597215,0
-0.25399553,0.00597215,0
-0.25399553,0.00597215,0
0.11673474,-0.11666638,0
0.16502801,0.06362395,0
-0.25399553,0.00597215,0
-0.25399553,0.00597215,0
-0.13726409,-0.14506711,0
0.20244697,0.13117859,0
0.26219077,-0.08052689,0
-0.08434337,0.17249436,0
-0.06963053,0.04252311,0
0.00976305,-0.07290816,0
-0.00170317,-0.04617429,0
-0.08434337,0.17249436,0
0.0642881,0.00014593,0
-0.05708785,-0.08867123,0
-0.25399553,0.00597215,0
-0.08434337,0.17249436,0
0.14061687,-0.06423431,0
-0.22770602,-0.32913201,0
0.20244697,0.13117859,0
-0.25399553,0.00597215,0
-0.25399553,0.00597215,0
0.20244697,0.13117859,0
0.00170294,-0.08801504,0
-0.25399553,0.00597215,0
-0.25399553,0.00597215,0
-0.25399553,0.00597215,0
0.20244697,0.13117859,0
-0.19280177,0.01620565,0
-0.04256174,0.0906944,0
-0.25399553,0.00597215,0
-0.25399553,0.00597215,0
0.20603343,-0.08507825,0
0.13682673,-0.07689228,0
-0.25399553,0.00597215,0
0.20244697,0.13117859,0
-0.25399553,0.00597215,0
-0.25399553,0.00597215,0
0.17513163,-0.09603061,0
0.11863837,0.10549377,0
-0.08288707,-0.20255463,0
0.06357681,0.01529895,0
0.03263866,-0.01505337,0
-0.13892698,-0.09261812,0
0.20244697,0.13117859,0
0.26787792,-0.13958566,0
-0.08434337,0.17249436,0
0.12564216,-0.01479797,0
-0.0929012,0.04808752,0
0.14639298,-0.00881604,0
0.03312386,0.10549306,0
0.13682673,-0.07689228,0
0.11863837,0.10549377,0
-0.25399553,0.00597215,0
-0.04692104,-0.21020931,0
-0.03160296,-0.13543768,0
0.17513163,-0.09603061,0
0.20244697,0.13117859,0
0.13682673,-0.07689228,0
-0.08434337,0.17249436,0
0.14061687,-0.06423431,0
0.0655665,0.12319487,0
0.22529616,-0.23897487,0
-0.25399553,0.00597215,0
0.0642881,0.00014593,0
-0.08434337,0.17249436,0
-0.25399553,0.00597215,0
0.0618262,0.11582127,0
-0.25399553,0.00597215,0
-0.25399553,0.00597215,0
-0.08434337,0.17249436,0
-0.25399553,0.00597215,0
-0.25399553,0.00597215,0
0.11654072,-0.12283418,0
-0.25399553,0.00597215,0
0.20244697,0.13117859,0
0.15895423,-0.10247403,0
0.07323012,-0.08014699,0
0.0447584,-0.10776826,0
-0.04692104,-0.21020931,0
0.10427195,-0.03180293,0
-0.08434337,0.17249436,0
-0.04692104,-0.21020931,0
0.02373597,0.0072617,0
-0.25399553,0.00597215,0
-0.25399553,0.00597215,0
-0.25399553,0.00597215,0
0.01947921,-0.00528761,0
-0.08434337,0.17249436,0
0.13682673,-0.07689228,0
0.00770315,0.0989158,0
0.20244697,0.13117859,0
-0.25399553,0.00597215,0
0.07813082,-0.08033933,0
0.00406384,-0.06290518,0
0.06577898,-0.04180379,0
0.0655665,0.12319487,0
0.0650798,-0.08783663,0
-0.01995219,-0.04215467,0
-0.22559412,0.04186934,0
-0.07363177,-0.04767438,0
-0.15082159,-0.29312334,0
0.17513163,-0.09603061,0
-0.11990517,-0.35370907,0
0.05966199,0.09511525,0
0.17513163,-0.09603061,0
-0.18075837,0.04176772,0
0.21391594,-0.06355645,0
0.02836371,-0.10509604,0
-0.0360455,0.0531891,0
-0.04545971,-0.00685642,0
-0.10771012,-0.02876351,0
-0.03187749,0.06618813,0
0.20151055,0.12980248,0
-0.01086887,-0.02362435,0
0.01947921,-0.00528761,0
-0.04692104,-0.21020931,0
0.03312386,0.10549306,0
0.13682673,-0.07689228,0
0.12019987,-0.06341333,0
-0.08434337,0.17249436,0
0.04758385,0.04680175,0
-0.25399553,0.00597215,0
-0.25399553,0.00597215,0
-0.0360455,0.0531891,0
0.12686501,-0.14971527,0
0.03312386,0.10549306,0
-0.08434337,0.17249436,0
0.22534277,-0.2232831,0
0.05294535,-0.27611524,0
0.01574723,-0.07719718,0
0.17513163,-0.09603061,0
-0.16285454,-0.1735222,0
0.13682673,-0.07689228,0
0.20244697,0.13117859,0
0.22534277,-0.2232831,0
0.20244697,0.13117859,0
-0.25399553,0.00597215,0
0.02928237,0.09122656,0
-0.0024913,0.0346744,0
0.20244697,0.13117859,0
-0.04692104,-0.21020931,0
-0.25399553,0.00597215,0
-0.25399553,0.00597215,0
0.08696064,0.09651897,0
-0.25399553,0.00597215,0
-0.17637879,0.04380098,0
-0.08434337,0.17249436,0
0.00286527,-0.23050209,0
-0.22559412,0.04186934,0
0.03274038,-0.16184273,0
-0.04692104,-0.21020931,0
0.02373597,0.0072617,0
0.20244697,0.13117859,0
0.12628789,-0.13223318,0
0.03312386,0.10549306,0
0.20603343,-0.08507825,0
0.17513163,-0.09603061,0
0.05084046,-0.07968263,0
-0.15082159,-0.29312334,0
-0.00822992,-0.17713047,0
0.01270853,0.09982282,0
0.11737026,0.03207837,0
0.15895423,-0.10247403,0
-0.08434337,0.17249436,0
0.20244697,0.13117859,0
0.11863837,0.10549377,0
-0.11990517,-0.35370907,0
-0.25399553,0.00597215,0
-0.25399553,0.00597215,0
0.20151055,0.12980248,0
0.00976305,-0.07290816,0
-0.10718829,0.03327753,0
-0.01788192,-0.19090264,0
0.20244697,0.13117859,0
0.20244697,0.13117859,0
-0.25399553,0.00597215,0
0.05808236,-0.13841292,0
-0.10771012,-0.02876351,0
0.20244697,0.13117859,0
-0.04692104,-0.21020931,0
-0.00170317,-0.04617429,0
-0.02110998,-0.09594184,0
0.11654072,-0.12283418,0
0.22529616,-0.23897487,0
-0.04692104,-0.21020931,0
-0.06963053,0.04252311,0
-0.25399553,0.00597215,0
-0.04121181,-0.13963707,0
0.20244697,0.13117859,0
0.04758385,0.04680175,0
-0.25399553,0.00597215,0
0.20151055,0.12980248,0
0.03312386,0.10549306,0
0.11737026,0.03207837,0
-0.01855707,-0.02597042,0
-0.25399553,0.00597215,0
0.20244697,0.13117859,0
-0.25399553,0.00597215,0
-0.25399553,0.00597215,0
0.0029561,-0.16882727,0
0.0161708,-0.13670005,0
-0.04692104,-0.21020931,0
-0.25399553,0.00597215,0
0.20244697,0.13117859,0
0.11863837,0.10549377,0
0.13682673,-0.07689228,0
0.11863837,0.10549377,0
-0.14353138,-0.00099953,0
-0.14353138,-0.00099953,0
-0.25399553,0.00597215,0
0.14825367,0.02788699,0
-0.0024913,0.0346744,0
0.17513163,-0.09603061,0
0.11863837,0.10549377,0
-0.03863953,-0.08369615,0
-0.08434337,0.17249436,0
-0.04692104,-0.21020931,0
-0.25399553,0.00597215,0
0.01947921,-0.00528761,0
-0.08434337,0.17249436,0
-0.25399553,0.00597215,0
-0.03160296,-0.13543768,0
0.04419495,-0.13105731,0
0.08696064,0.09651897,0
0.20244697,0.13117859,0
-0.25399553,0.00597215,0
-0.25399553,0.00597215,0
-0.25399553,0.00597215,0
0.20244697,0.13117859,0
0.13682673,-0.07689228,0
0.15895423,-0.10247403,0
0.01505887,-0.16043013,0
-0.0360455,0.0531891,0
0.20151055,0.12980248,0
0.20603343,-0.08507825,0
0.01947921,-0.00528761,0
0.16238758,-0.03513986,0
-0.08434337,0.17249436,0
0.14061687,-0.06423431,0
-0.25399553,0.00597215,0
-0.25399553,0.00597215,0
-0.25399553,0.00597215,0
0.20244697,0.13117859,0
-0.25399553,0.00597215,0
-0.25399553,0.00597215,0
0.00286527,-0.23050209,0
0.00770315,0.0989158,0
-0.25399553,0.00597215,0
0.17513163,-0.09603061,0
0.14487925,-0.221267,0
-0.25399553,0.00597215,0
0.05802532,-0.08990772,0
-0.08434337,0.17249436,0
-0.10718829,0.03327753,0
-0.03745873,-0.11446046,0
0.11863837,0.10549377,0
-0.04545971,-0.00685642,0
0.20244697,0.13117859,0
0.14061687,-0.06423431,0
-0.05019311,-0.08105172,0
0.18719854,-0.37131404,0
-0.0360455,0.0531891,0
-0.08434337,0.17249436,0
0.0618262,0.11582127,0
0.20244697,0.13117859,0
0.04757659,0.00072489,0
0.11863837,0.10549377,0
-0.08434337,0.17249436,0
-0.02256739,-0.1550496,0
0.11863837,0.10549377,0
-0.10771012,-0.02876351,0
0.22281556,-0.13249722,0
-0.07163958,-0.1099155,0
0.08696064,0.09651897,0
-0.03160296,-0.13543768,0
-0.05708785,-0.08867123,0
0.05294535,-0.27611524,0
0.11863837,0.10549377,0
-0.25399553,0.00597215,0
0.17513163,-0.09603061,0
-0.04692104,-0.21020931,0
0.01426997,-0.29035199,0
0.11311326,-0.1168515,0
0.20151055,0.12980248,0
0.11737026,0.03207837,0
-0.08434337,0.17249436,0
-0.25399553,0.00597215,0
-0.05708785,-0.08867123,0
0.08696064,0.09651897,0
0.03732139,0.06597545,0
-0.02110998,-0.09594184,0
-0.25399553,0.00597215,0
-0.10771012,-0.02876351,0
0.13682673,-0.07689228,0
0.02373597,0.0072617,0
-0.08434337,0.17249436,0
0.11863837,0.10549377,0
0.20151055,0.12980248,0
0.11737026,0.03207837,0
0.11863837,0.10549377,0
0.17513163,-0.09603061,0
-0.25399553,0.00597215,0
0.00286527,-0.23050209,0
-0.22559412,0.04186934,0
0.13682673,-0.07689228,0
0.11654072,-0.12283418,0
-0.04692104,-0.21020931,0
-0.0530455,-0.12402266,0
-0.25399553,0.00597215,0
-0.08434337,0.17249436,0
-0.25399553,0.00597215,0
0.01947921,-0.00528761,0
0.01270853,0.09982282,0
0.17513163,-0.09603061,0
0.06242082,-0.07422517,0
0.12374227,-0.11792627,0
-0.10771012,-0.02876351,0
-0.25399553,0.00597215,0
-0.0507309,0.1404684,0
-0.06963053,0.04252311,0
-0.04256174,0.0906944,0
-0.25399553,0.00597215,0
0.20151055,0.12980248,0
-0.25399553,0.00597215,0
-0.25399553,0.00597215,0
0.11863837,0.10549377,0
0.13589956,0.0813043,0
-0.13726409,-0.14506711,0
0.01947921,-0.00528761,0
-0.25399553,0.00597215,0
0.20244697,0.13117859,0
0.0642881,0.00014593,0
0.09377111,0.13308878,0
0.01505887,-0.16043013,0
-0.25399553,0.00597215,0
-0.08434337,0.17249436,0
0.11863837,0.10549377,0
-0.22559412,0.04186934,0
0.05242913,-0.09834043,0
0.05808236,-0.13841292,0
0.11863837,0.10549377,0
0.26012649,-0.17534943,0
0.04759536,0.03919189,0
-0.08434337,0.17249436,0
-0.25399553,0.00597215,0
-0.25399553,0.00597215,0
-0.02681223,-0.14492929,0
0.11654072,-0.12283418,0
0.20244697,0.13117859,0
-0.04692104,-0.21020931,0
0.17513163,-0.09603061,0
0.17513163,-0.09603061,0
0.00770315,0.0989158,0
0.20244697,0.13117859,0
0.21105963,-0.02256437,0
0.11863837,0.10549377,0
0.18719854,-0.37131404,0
0.08696064,0.09651897,0
0.06357681,0.01529895,0
0.04757659,0.00072489,0
-0.03096292,-0.17751631,0
-0.0929012,0.04808752,0
-0.25399553,0.00597215,0
0.11863837,0.10549377,0
-0.12324159,-0.07169902,0
-0.04692104,-0.21020931,0
-0.25399553,0.00597215,0
0.26012649,-0.17534943,0
0.11654072,-0.12283418,0
0.20151055,0.12980248,0
-0.08434337,0.17249436,0
-0.08434337,0.17249436,0
-0.08434337,0.17249436,0
0.11737026,0.03207837,0
0.07323012,-0.08014699,0
0.20151055,0.12980248,0
-0.00170317,-0.04617429,0
-0.08434337,0.17249436,0
0.13682673,-0.07689228,0
-0.04692104,-0.21020931,0
0.06519034,0.06742379,0
-0.25399553,0.00597215,0
-0.08434337,0.17249436,0
-0.25399553,0.00597215,0
0.0655665,0.12319487,0
-0.10771012,-0.02876351,0
-0.25399553,0.00597215,0
-0.19280177,0.01620565,0
0.17513163,-0.09603061,0
0.05294535,-0.27611524,0
-0.04692104,-0.21020931,0
-0.02110998,-0.09594184,0
0.11863837,0.10549377,0
-0.04692104,-0.21020931,0
0.20244697,0.13117859,0
0.11737026,0.03207837,0
-0.25399553,0.00597215,0
0.20244697,0.13117859,0
0.20244697,0.13117859,0
-0.08434337,0.17249436,0
-0.25399553,0.00597215,0
-0.03160296,-0.13543768,0
0.11737026,0.03207837,0
0.01564455,-0.07062422,0
0.13682673,-0.07689228,0
0.20244697,0.13117859,0
0.17513163,-0.09603061,0
-0.04692104,-0.21020931,0
-0.25399553,0.00597215,0
0.13682673,-0.07689228,0
0.0002323,-0.15100648,0
-0.02110998,-0.09594184,0
-0.08434337,0.17249436,0
0.14099305,-0.00846328,0
0.20151055,0.12980248,0
-0.07500592,-0.36160237,0
0.00770315,0.0989158,0
-0.25399553,0.00597215,0
0.17513163,-0.09603061,0
-0.03160296,-0.13543768,0
0.20244697,0.13117859,0
-0.15082159,-0.29312334,0
0.1132719,0.03074504,0
0.15895423,-0.10247403,0
0.20244697,0.13117859,0
0.0642881,0.00014593,0
0.05436638,0.14905618,0
-0.22559412,0.04186934,0
-0.10718866,0.14227152,0
0.11654072,-0.12283418,0
-0.25399553,0.00597215,0
-0.0360455,0.0531891,0
-0.03160296,-0.13543768,0
0.11737026,0.03207837,0
0.17513163,-0.09603061,0
0.11863837,0.10549377,0
0.11863837,0.10549377,0
-0.25399553,0.00597215,0
0.20244697,0.13117859,0
0.01457517,-0.07929187,0
-0.22559412,0.04186934,0
-0.04545971,-0.00685642,0
-0.08434337,0.17249436,0
-0.08434337,0.17249436,0
0.20151055,0.12980248,0
0.20151055,0.12980248,0
-0.25399553,0.00597215,0
-0.14353138,-0.00099953,0
0.11737026,0.03207837,0
-0.25399553,0.00597215,0
-0.08434337,0.17249436,0
-0.04692104,-0.21020931,0
0.07030622,-0.14827456,0
0.08534357,0.0753156,0
0.08696064,0.09651897,0
0.05808236,-0.13841292,0
-0.25399553,0.00597215,0
-0.04979843,0.00944752,0
-0.25399553,0.00597215,0
0.11311326,-0.1168515,0
-0.03160296,-0.13543768,0
0.11863837,0.10549377,0
-0.04545971,-0.00685642,0
-0.06323843,0.0904772,0
-0.25399553,0.00597215,0
0.09223692,0.05234452,0
-0.04692104,-0.21020931,0
0.13682673,-0.07689228,0
0.17513163,-0.09603061,0
0.20244697,0.13117859,0
0.11863837,0.10549377,0
0.13682673,-0.07689228,0
-0.03812443,-0.04192691,0
-0.25399553,0.00597215,0
-0.25399553,0.00597215,0
0.05808236,-0.13841292,0
0.02373597,0.0072617,0
-0.25399553,0.00597215,0
0.12686501,-0.14971527,0
0.0618262,0.11582127,0
-0.25399553,0.00597215,0
0.17513163,-0.09603061,0
-0.25399553,0.00597215,0
-0.25399553,0.00597215,0
0.11863837,0.10549377,0
-0.25399553,0.00597215,0
-0.11524302,0.11206341,0
-0.22559412,0.04186934,0
-0.25399553,0.00597215,0
0.0545143,-0.10674145,0
0.11654072,-0.12283418,0
-0.25399553,0.00597215,0
0.05808236,-0.13841292,0
0.20244697,0.13117859,0
-0.06963053,0.04252311,0
0.11863837,0.10549377,0
-0.13726409,-0.14506711,0
0.13682673,-0.07689228,0
-0.0024913,0.0346744,0
-0.25399553,0.00597215,0
-0.02110998,-0.09594184,0
-0.08434337,0.17249436,0
0.17513163,-0.09603061,0
-0.04692104,-0.21020931,0
-0.25399553,0.00597215,0
0.16857997,0.05746693,0
-0.04692104,-0.21020931,0
0.20151055,0.12980248,0
-0.25399553,0.00597215,0
0.14061687,-0.06423431,0
-0.08434337,0.17249436,0
-0.08434337,0.17249436,0
-0.08434337,0.17249436,0
-0.25399553,0.00597215,0
-0.25399553,0.00597215,0
-0.08434337,0.17249436,0
-0.25399553,0.00597215,0
0.04440419,-0.1149467,0
-0.11524302,0.11206341,0
-0.05659157,0.08564471,0
-0.25399553,0.00597215,0
0.11863837,0.10549377,0
-0.05659157,0.08564471,0
0.07323012,-0.08014699,0
0.11737026,0.03207837,0
0.22529616,-0.23897487,0
0.10459292,0.03089051,0
0.11737026,0.03207837,0
-0.25399553,0.00597215,0
0.1300691,-0.15176316,0
-0.10771012,-0.02876351,0
0.09132311,0.02345956,0
0.20244697,0.13117859,0
-0.04979843,0.00944752,0
-0.04692104,-0.21020931,0
0.0618262,0.11582127,0
-0.25399553,0.00597215,0
0.17513163,-0.09603061,0
-0.25399553,0.00597215,0
-0.25399553,0.00597215,0
-0.04692104,-0.21020931,0
-0.05708785,-0.08867123,0
0.09941813,-0.11123857,0
-0.07219103,0.0548306,0
0.04759536,0.03919189,0
0.05802532,-0.08990772,0
-0.03745873,-0.11446046,0
-0.08434337,0.17249436,0
0.07813082,-0.08033933,0
0.17513163,-0.09603061,0
-0.25399553,0.00597215,0
0.20244697,0.13117859,0
-0.0360455,0.0531891,0
-0.25399553,0.00597215,0
0.11737026,0.03207837,0
0.0650798,-0.08783663,0
-0.04692104,-0.21020931,0
-0.03160296,-0.13543768,0
-0.14345393,-0.01934712,0
-0.25399553,0.00597215,0
0.14386816,0.04709645,0
0.03312386,0.10549306,0
-0.25399553,0.00597215,0
-0.25399553,0.00597215,0
-0.25399553,0.00597215,0
0.0650798,-0.08783663,0
-0.25399553,0.00597215,0
0.06155496,-0.05987156,0
-0.03160296,-0.13543768,0
0.05808236,-0.13841292,0
-0.25399553,0.00597215,0
0.01564455,-0.07062422,0
-0.00170317,-0.04617429,0
-0.03160296,-0.13543768,0
0.13682673,-0.07689228,0
-0.00388638,-0.14714364,0
-0.08434337,0.17249436,0
-0.25399553,0.00597215,0
-0.08434337,0.17249436,0
0.17513163,-0.09603061,0
0.11863837,0.10549377,0
0.04759536,0.03919189,0
0.13682673,-0.07689228,0
-0.03160296,-0.13543768,0
0.20244697,0.13117859,0
0.13682673,-0.07689228,0
0.0655665,0.12319487,0
0.20244697,0.13117859,0
0.0618262,0.11582127,0
0.17513163,-0.09603061,0
-0.04692104,-0.21020931,0
-0.11524302,0.11206341,0
-0.08434337,0.17249436,0
0.28404728,-0.01364843,0
-0.25399553,0.00597215,0
0.20244697,0.13117859,0
-0.16752843,0.06761732,0
0.0642881,0.00014593,0
0.04757659,0.00072489,0
-0.03160296,-0.13543768,0
0.00770315,0.0989158,0
0.11863837,0.10549377,0
0.20244697,0.13117859,0
0.20244697,0.13117859,0
0.13682673,-0.07689228,0
0.17513163,-0.09603061,0
-0.14353138,-0.00099953,0
0.17513163,-0.09603061,0
0.10040144,0.08583841,0
-0.0292978,-0.19555404,0
0.17513163,-0.09603061,0
0.17513163,-0.09603061,0
-0.25399553,0.00597215,0
0.20244697,0.13117859,0
0.01635063,-0.12104138,0
0.14061687,-0.06423431,0
-0.00170317,-0.04617429,0
-0.08434337,0.17249436,0
0.14061687,-0.06423431,0
-0.00170317,-0.04617429,0
0.17513163,-0.09603061,0
0.17513163,-0.09603061,0
0.13682673,-0.07689228,0
-0.06323843,0.0904772,0
0.14639298,-0.00881604,0
-0.08434337,0.17249436,0
0.11863837,0.10549377,0
0.11863837,0.10549377,0
-0.25399553,0.00597215,0
0.20244697,0.13117859,0
0.13682673,-0.07689228,0
-0.13932528,0.00154364,0
0.05808236,-0.13841292,0
0.17513163,-0.09603061,0
-0.25399553,0.00597215,0
-0.08434337,0.17249436,0
-0.25399553,0.00597215,0
-0.04692104,-0.21020931,0
0.11863837,0.10549377,0
-0.00170317,-0.04617429,0
-0.08434337,0.17249436,0
0.20244697,0.13117859,0
0.11863837,0.10549377,0
-0.25399553,0.00597215,0
-0.03160296,-0.13543768,0
-0.25399553,0.00597215,0
-0.25399553,0.00597215,0
-0.25399553,0.00597215,0
-0.18476274,0.02256783,0
-0.25399553,0.00597215,0
-0.03160296,-0.13543768,0
0.20709132,-0.2404975,0
-0.03160296,-0.13543768,0
-0.25399553,0.00597215,0
0.11863837,0.10549377,0
-0.01241285,-0.2048152,0
0.00406384,-0.06290518,0
0.04757659,0.00072489,0
0.03220171,0.01253484,0
-0.25399553,0.00597215,0
-0.25399553,0.00597215,0
-0.209657,0.06742533,0
-0.08434337,0.17249436,0
0.22529616,-0.23897487,0
0.05808236,-0.13841292,0
-0.08434337,0.17249436,0
0.17513163,-0.09603061,0
0.08696064,0.09651897,0
0.14963592,-0.22713414,0
-0.07189607,-0.23154305,0
0.20244697,0.13117859,0
-0.25399553,0.00597215,0
-0.00170317,-0.04617429,0
0.11654072,-0.12283418,0
-0.25399553,0.00597215,0
0.14639298,-0.00881604,0
-0.08434337,0.17249436,0
-0.25399553,0.00597215,0
0.20244697,0.13117859,0
0.13682673,-0.07689228,0
-0.08434337,0.17249436,0
0.14061687,-0.06423431,0
-0.10771012,-0.02876351,0
-0.08434337,0.17249436,0
-0.07500592,-0.36160237,0
-0.25399553,0.00597215,0
-0.25399553,0.00597215,0
-0.08434337,0.17249436,0
-0.22559412,0.04186934,0
0.11737026,0.03207837,0
0.13682673,-0.07689228,0
0.04419495,-0.13105731,0
-0.11176871,-0.03868909,0
0.17738853,-0.03331837,0
-0.25399553,0.00597215,0
-0.25399553,0.00597215,0
0.20244697,0.13117859,0
-0.25399553,0.00597215,0
-0.08434337,0.17249436,0
0.11654072,-0.12283418,0
0.20244697,0.13117859,0
0.14061687,-0.06423431,0
0.02874495,0.00525315,0
0.13682673,-0.07689228,0
-0.05708785,-0.08867123,0
0.02193671,0.05127661,0
-0.22559412,0.04186934,0
0.20244697,0.13117859,0
0.01947921,-0.00528761,0
-0.08434337,0.17249436,0
0.08696064,0.09651897,0
0.11737026,0.03207837,0
-0.03160296,-0.13543768,0
-0.03160296,-0.13543768,0
-0.00234013,-0.28655445,0
0.20244697,0.13117859,0
-0.25399553,0.00597215,0
0.20244697,0.13117859,0
-0.25399553,0.00597215,0
-0.10517853,0.01843226,0
-0.25399553,0.00597215,0
0.17513163,-0.09603061,0
0.13682673,-0.07689228,0
0.07096682,0.12284143,0
-0.00170317,-0.04617429,0
0.11863837,0.10549377,0
0.18719854,-0.37131404,0
0.11863837,0.10549377,0
-0.22559412,0.04186934,0
0.14061687,-0.06423431,0
0.20244697,0.13117859,0
0.20244697,0.13117859,0
-0.08434337,0.17249436,0
0.01657062,-0.14354837,0
0.20151055,0.12980248,0
0.17513163,-0.09603061,0
-0.25399553,0.00597215,0
0.14061687,-0.06423431,0
-0.04692104,-0.21020931,0
0.03312386,0.10549306,0
-0.03662534,-0.07164438,0
0.20244697,0.13117859,0
0.11311326,-0.1168515,0
-0.07590656,0.04720747,0
0.20244697,0.13117859,0
0.17513163,-0.09603061,0
0.03732139,0.06597545,0
-0.08434337,0.17249436,0
0.11654072,-0.12283418,0
-0.03160296,-0.13543768,0
-0.03160296,-0.13543768,0
-0.13426351,0.04536345,0
0.13682673,-0.07689228,0
-0.25399553,0.00597215,0
0.05414344,-0.0918309,0
0.0642881,0.00014593,0
-0.10771012,-0.02876351,0
-0.14353138,-0.00099953,0
0.13682673,-0.07689228,0
0.03220171,0.01253484,0
0.13682673,-0.07689228,0
0.05808236,-0.13841292,0
0.17513163,-0.09603061,0
-0.03160296,-0.13543768,0
0.16211904,-0.2100976,0
0.20244697,0.13117859,0
-0.08434337,0.17249436,0
-0.25399553,0.00597215,0
0.17513163,-0.09603061,0
0.17513163,-0.09603061,0
0.05294535,-0.27611524,0
0.11863837,0.10549377,0
0.07323012,-0.08014699,0
0.0650798,-0.08783663,0
0.13682673,-0.07689228,0
-0.04692104,-0.21020931,0
0.01505887,-0.16043013,0
-0.22559412,0.04186934,0
0.11863837,0.10549377,0
0.13682673,-0.07689228,0
0.11863837,0.10549377,0
0.01947921,-0.00528761,0
0.11863837,0.10549377,0
0.11863837,0.10549377,0
0.11737026,0.03207837,0
0.21345897,-0.2389518,0
-0.14353138,-0.00099953,0
0.11863837,0.10549377,0
0.06341785,0.02919401,0
0.00406384,-0.06290518,0
-0.25399553,0.00597215,0
0.20244697,0.13117859,0
0.15121969,-0.11476355,0
0.13682673,-0.07689228,0
0.20151055,0.12980248,0
0.05808236,-0.13841292,0
0.20244697,0.13117859,0
-0.25399553,0.00597215,0
-0.25399553,0.00597215,0
-0.13788335,-0.09010853,0
-0.25399553,0.00597215,0
-0.25399553,0.00597215,0
0.17270702,-0.2284568,0
-0.25399553,0.00597215,0
-0.25399553,0.00597215,0
0.14061687,-0.06423431,0
0.11863837,0.10549377,0
0.11863837,0.10549377,0
-0.08434337,0.17249436,0
-0.25399553,0.00597215,0
0.13682673,-0.07689228,0
-0.03160296,-0.13543768,0
0.13682673,-0.07689228,0
-0.22559412,0.04186934,0
-0.05708785,-0.08867123,0
-0.10771012,-0.02876351,0
-0.03160296,-0.13543768,0
-0.04545971,-0.00685642,0
-0.25399553,0.00597215,0
0.20244697,0.13117859,0
0.00770315,0.0989158,0
0.20244697,0.13117859,0
-0.25399553,0.00597215,0
0.11863837,0.10549377,0
-0.25399553,0.00597215,0
0.22529616,-0.23897487,0
0.01947921,-0.00528761,0
-0.25399553,0.00597215,0
0.11737026,0.03207837,0
0.17513163,-0.09603061,0
0.01947921,-0.00528761,0
-0.25399553,0.00597215,0
0.13682673,-0.07689228,0
0.20244697,0.13117859,0
0.20244697,0.13117859,0
-0.03187749,0.06618813,0
0.07072851,-0.01955521,0
-0.04692104,-0.21020931,0
-0.08434337,0.17249436,0
-0.25399553,0.00597215,0
-0.25399553,0.00597215,0
-0.08434337,0.17249436,0
-0.25399553,0.00597215,0
-0.25399553,0.00597215,0
0.11737026,0.03207837,0
-0.08434337,0.17249436,0
0.13682673,-0.07689228,0
0.04119868,-0.13037248,0
0.06577898,-0.04180379,0
0.11654072,-0.12283418,0
-0.08434337,0.17249436,0
-0.03812443,-0.04192691,0
-0.08434337,0.17249436,0
0.14061687,-0.06423431,0
-0.10771012,-0.02876351,0
-0.08434337,0.17249436,0
-0.08434337,0.17249436,0
0.13682673,-0.07689228,0
-0.10771012,-0.02876351,0
-0.05708785,-0.08867123,0
-0.04692104,-0.21020931,0
0.11863837,0.10549377,0
0.20151055,0.12980248,0
-0.04692104,-0.21020931,0
-0.03160296,-0.13543768,0
0.11863837,0.10549377,0
0.03312386,0.10549306,0
0.13682673,-0.07689228,0
-0.02110998,-0.09594184,0
-0.08434337,0.17249436,0
0.20244697,0.13117859,0
0.20244697,0.13117859,0
0.00286527,-0.23050209,0
0.10070391,-0.25806594,0
0.11863837,0.10549377,0
-0.00234013,-0.28655445,0
-0.25399553,0.00597215,0
0.05808236,-0.13841292,0
0.17513163,-0.09603061,0
0.20244697,0.13117859,0
-0.03160296,-0.13543768,0
0.20244697,0.13117859,0
0.11863837,0.10549377,0
0.20244697,0.13117859,0
0.17513163,-0.09603061,0
-0.06963053,0.04252311,0
0.05808236,-0.13841292,0
-0.08434337,0.17249436,0
-0.25399553,0.00597215,0
0.11863837,0.10549377,0
0.17513163,-0.09603061,0
-0.25399553,0.00597215,0
0.1809929,0.04378014,0
-0.03160296,-0.13543768,0
-0.11990517,-0.35370907,0
-0.08434337,0.17249436,0
-0.14353138,-0.00099953,0
-0.04545971,-0.00685642,0
-0.25399553,0.00597215,0
0.20244697,0.13117859,0
0.11863837,0.10549377,0
0.143902,-0.19227795,0
-0.25399553,0.00597215,0
0.08696064,0.09651897,0
-0.08434337,0.17249436,0
0.20244697,0.13117859,0
0.11384088,-0.21629139,0
-0.10771012,-0.02876351,0
-0.25399553,0.00597215,0
0.11654072,-0.12283418,0
0.05808236,-0.13841292,0
-0.04256174,0.0906944,0
-0.0370473,-0.06759263,0
-0.08434337,0.17249436,0
-0.06421213,-0.12971066,0
-0.13204417,-0.21476628,0
0.05294535,-0.27611524,0
0.0642881,0.00014593,0
-0.04382407,-0.08725296,0
-0.17637879,0.04380098,0
0.03263866,-0.01505337,0
0.20244697,0.13117859,0
-0.25399553,0.00597215,0
-0.0450331,-0.23230802,0
0.17513163,-0.09603061,0
-0.25399553,0.00597215,0
-0.02110998,-0.09594184,0
-0.0360455,0.0531891,0
-0.00170317,-0.04617429,0
0.08696064,0.09651897,0
0.20244697,0.13117859,0
0.22534277,-0.2232831,0
0.17513163,-0.09603061,0
0.16616564,-0.12662779,0
-0.25399553,0.00597215,0
0.21043319,-0.10122429,0
0.03312386,0.10549306,0
0.20244697,0.13117859,0
-0.08434337,0.17249436,0
0.01804142,0.00426898,0
0.13589956,0.0813043,0
-0.08434337,0.17249436,0
0.0655665,0.12319487,0
-0.25399553,0.00597215,0
0.11863837,0.10549377,0
0.05242913,-0.09834043,0
0.11863837,0.10549377,0
0.20277003,-0.07082421,0
-0.06963053,0.04252311,0
-0.08434337,0.17249436,0
0.00286527,-0.23050209,0
0.10459292,0.03089051,0
0.14061687,-0.06423431,0
0.143902,-0.19227795,0
-0.08434337,0.17249436,0
-0.08711126,-0.12541536,0
0.20244697,0.13117859,0
0.06357681,0.01529895,0
0.05436638,0.14905618,0
-0.00170317,-0.04617429,0
-0.25399553,0.00597215,0
-0.02617296,-0.10877106,0
-0.25399553,0.00597215,0
-0.13426351,0.04536345,0
0.06349641,-0.25078673,0
-0.02503558,-0.0337095,0
0.02539973,0.04311166,0
-0.06963053,0.04252311,0
-0.04855729,-0.00433531,0
0.11863837,0.10549377,0
-0.25399553,0.00597215,0
-0.25399553,0.00597215,0
0.04759536,0.03919189,0
0.1809929,0.04378014,0
-0.04545971,-0.00685642,0
-0.25399553,0.00597215,0
-0.25399553,0.00597215,0
-0.04692104,-0.21020931,0
-0.08434337,0.17249436,0
-0.08434337,0.17249436,0
-0.08434337,0.17249436,0
0.0938045,-0.02410734,0
0.11737026,0.03207837,0
0.00286527,-0.23050209,0
-0.03160296,-0.13543768,0
-0.25399553,0.00597215,0
-0.25399553,0.00597215,0
0.08696064,0.09651897,0
0.08443941,-0.00926053,0
0.05808236,-0.13841292,0
-0.10771012,-0.02876351,0
0.14061687,-0.06423431,0
-0.15082159,-0.29312334,0
-0.08434337,0.17249436,0
0.11737026,0.03207837,0
0.11863837,0.10549377,0
-0.25399553,0.00597215,0
-0.06303973,-0.13212522,0
-0.06303973,-0.13212522,0
0.20244697,0.13117859,0
-0.25399553,0.00597215,0
-0.00346702,0.0236765,0
-0.13726409,-0.14506711,0
-0.13691454,-0.14438349,0
-0.03187749,0.06618813,0
0.20244697,0.13117859,0
0.20244697,0.13117859,0
0.14061687,-0.06423431,0
0.11863837,0.10549377,0
0.14099305,-0.00846328,0
0.07813082,-0.08033933,0
0.04206433,0.10511485,0
-0.08434337,0.17249436,0
0.0545143,-0.10674145,0
0.03312386,0.10549306,0
-0.25399553,0.00597215,0
-0.0024913,0.0346744,0
-0.25399553,0.00597215,0
-0.03745873,-0.11446046,0
-0.03745873,-0.11446046,0
0.04757659,0.00072489,0
-0.03592516,-0.15996137,0
-0.03187749,0.06618813,0
0.20244697,0.13117859,0
0.11737026,0.03207837,0
-0.25399553,0.00597215,0
0.11863837,0.10549377,0
-0.08434337,0.17249436,0
0.09132311,0.02345956,0
-0.10771012,-0.02876351,0
0.11737026,0.03207837,0
0.13682673,-0.07689228,0
0.15085736,-0.03232606,0
0.17513163,-0.09603061,0
0.11863837,0.10549377,0
0.08696064,0.09651897,0
-0.05609901,-0.19500467,0
-0.19520598,-0.1782541,0
-0.07960075,0.11442554,0
-0.25399553,0.00597215,0
-0.14353138,-0.00099953,0
0.07030622,-0.14827456,0
-0.25399553,0.00597215,0
-0.25399553,0.00597215,0
-0.08434337,0.17249436,0
0.13682673,-0.07689228,0
-0.04692104,-0.21020931,0
-0.25399553,0.00597215,0
0.26452408,-0.1697212,0
-0.2158495,-0.16874834,0
-0.25399553,0.00597215,0
-0.25399553,0.00597215,0
-0.25399553,0.00597215,0
-0.10771012,-0.02876351,0
-0.00170317,-0.04617429,0
-0.02110998,-0.09594184,0
-0.25399553,0.00597215,0
-0.08434337,0.17249436,0
-0.08434337,0.17249436,0
0.11863837,0.10549377,0
-0.25399553,0.00597215,0
-0.0360455,0.0531891,0
0.00286527,-0.23050209,0
-0.09771776,0.01469821,0
-0.25399553,0.00597215,0
-0.25399553,0.00597215,0
0.06357681,0.01529895,0
-0.25399553,0.00597215,0
0.26012649,-0.17534943,0
0.20244697,0.13117859,0
-0.25399553,0.00597215,0
0.05808236,-0.13841292,0
0.17513163,-0.09603061,0
-0.08434337,0.17249436,0
0.17513163,-0.09603061,0
0.11863837,0.10549377,0
-0.06323843,0.0904772,0
-0.02543477,0.11697587,0
0.03312386,0.10549306,0
-0.25399553,0.00597215,0
0.20619102,-0.10446109,0
0.17513163,-0.09603061,0
-0.04692104,-0.21020931,0
-0.04545971,-0.00685642,0
0.11863837,0.10549377,0
-0.25399553,0.00597215,0
-0.08434337,0.17249436,0
0.11863837,0.10549377,0
-0.15082159,-0.29312334,0
-0.25399553,0.00597215,0
-0.25399553,0.00597215,0
0.17513163,-0.09603061,0
0.17513163,-0.09603061,0
0.11737026,0.03207837,0
0.20244697,0.13117859,0
0.13682673,-0.07689228,0
0.11654072,-0.12283418,0
-0.25399553,0.00597215,0
0.21720242,-0.17870691,0
0.01947921,-0.00528761,0
-0.02932462,0.03293969,0
-0.08434337,0.17249436,0
0.16211904,-0.2100976,0
0.15487233,-0.19989071,0
-0.25399553,0.00597215,0
-0.03160296,-0.13543768,0
0.11311326,-0.1168515,0
0.01270853,0.09982282,0
-0.25399553,0.00597215,0
0.05294535,-0.27611524,0
0.0655665,0.12319487,0
-0.25399553,0.00597215,0
-0.25399553,0.00597215,0
-0.25399553,0.00597215,0
0.16816401,0.01302063,0
-0.03160296,-0.13543768,0
0.20244697,0.13117859,0
-0.25399553,0.00597215,0
0.20244697,0.13117859,0
-0.04855729,-0.00433531,0
-0.03187749,0.06618813,0
-0.14353138,-0.00099953,0
0.17513163,-0.09603061,0
0.26749775,-0.21713105,0
0.11737026,0.03207837,0
-0.25399553,0.00597215,0
0.07030622,-0.14827456,0
0.00770315,0.0989158,0
0.17513163,-0.09603061,0
-0.25399553,0.00597215,0
0.09207081,-0.03772793,0
0.20244697,0.13117859,0
0.02373597,0.0072617,0
0.11863837,0.10549377,0
0.20244697,0.13117859,0
-0.0360455,0.0531891,0
0.11863837,0.10549377,0
0.00770315,0.0989158,0
-0.06689053,-0.16343122,0
0.11737026,0.03207837,0
0.13682673,-0.07689228,0
0.11863837,0.10549377,0
-0.25399553,0.00597215,0
-0.03160296,-0.13543768,0
-0.08434337,0.17249436,0
0.01564455,-0.07062422,0
0.01505887,-0.16043013,0
-0.15082159,-0.29312334,0
-0.08434337,0.17249436,0
-0.25399553,0.00597215,0
-0.25399553,0.00597215,0
0.11863837,0.10549377,0
0.09377111,0.13308878,0
0.20151055,0.12980248,0
0.00976305,-0.07290816,0
-0.08434337,0.17249436,0
0.20244697,0.13117859,0
0.11863837,0.10549377,0
0.16857997,0.05746693,0
0.20244697,0.13117859,0
0.17513163,-0.09603061,0
0.20244697,0.13117859,0
0.10070391,-0.25806594,0
0.11737026,0.03207837,0
0.01102272,-0.10535105,0
-0.25399553,0.00597215,0
0.05802532,-0.08990772,0
-0.08434337,0.17249436,0
-0.00374581,0.01507857,0
0.20244697,0.13117859,0
0.13682673,-0.07689228,0
0.05594738,-0.23731445,0
-0.25399553,0.00597215,0
-0.16752843,0.06761732,0
0.20244697,0.13117859,0
0.00170294,-0.08801504,0
0.0642881,0.00014593,0
-0.08434337,0.17249436,0
-0.13788335,-0.09010853,0
0.03370547,-0.05610084,0
0.07678828,0.01536865,0
-0.0530455,-0.12402266,0
-0.0360455,0.0531891,0
0.11863837,0.10549377,0
-0.25399553,0.00597215,0
-0.25399553,0.00597215,0
-0.08434337,0.17249436,0
0.17513163,-0.09603061,0
-0.08434337,0.17249436,0
-0.25399553,0.00597215,0
-0.25399553,0.00597215,0
0.15121969,-0.11476355,0
-0.25399553,0.00597215,0
0.03312386,0.10549306,0
0.04144915,0.03796961,0
-0.03160296,-0.13543768,0
-0.25399553,0.00597215,0
0.05294535,-0.27611524,0
-0.25399553,0.00597215,0
0.13682673,-0.07689228,0
0.11311326,-0.1168515,0
0.04757659,0.00072489,0
-0.0360455,0.0531891,0
0.21826803,0.03778282,0
0.20244697,0.13117859,0
-0.00170317,-0.04617429,0
0.03370547,-0.05610084,0
0.20151055,0.12980248,0
-0.25399553,0.00597215,0
-0.03160296,-0.13543768,0
-0.25399553,0.00597215,0
0.11863837,0.10549377,0
-0.13932528,0.00154364,0
0.05294535,-0.27611524,0
0.20244697,0.13117859,0
0.13682673,-0.07689228,0
0.11863837,0.10549377,0
0.11863837,0.10549377,0
-0.07163958,-0.1099155,0
0.17513163,-0.09603061,0
0.02373597,0.0072617,0
0.12686501,-0.14971527,0
0.11863837,0.10549377,0
0.17513163,-0.09603061,0
0.11863837,0.10549377,0
-0.05708785,-0.08867123,0
0.17513163,-0.09603061,0
-0.25399553,0.00597215,0
-0.25399553,0.00597215,0
0.01505887,-0.16043013,0
-0.25399553,0.00597215,0
0.17513163,-0.09603061,0
0.00770315,0.0989158,0
-0.25399553,0.00597215,0
-0.25399553,0.00597215,0
0.11863837,0.10549377,0
0.13829116,-0.41215531,0
-0.25399553,0.00597215,0
0.01947921,-0.00528761,0
-0.0024913,0.0346744,0
-0.08434337,0.17249436,0
0.14099305,-0.00846328,0
-0.03662534,-0.07164438,0
-0.08434337,0.17249436,0
0.20244697,0.13117859,0
0.04144915,0.03796961,0
0.07323012,-0.08014699,0
-0.17637879,0.04380098,0
0.01505887,-0.16043013,0
0.20244697,0.13117859,0
0.14061687,-0.06423431,0
0.17513163,-0.09603061,0
0.20244697,0.13117859,0
0.05436638,0.14905618,0
0.0642881,0.00014593,0
-0.03187749,0.06618813,0
-0.08434337,0.17249436,0
-0.03160296,-0.13543768,0
0.20151055,0.12980248,0
0.13682673,-0.07689228,0
0.20244697,0.13117859,0
-0.25399553,0.00597215,0
0.17053029,-0.13748815,0
0.17513163,-0.09603061,0
0.0360419,0.06626647,0
0.13682673,-0.07689228,0
-0.0360455,0.0531891,0
-0.22559412,0.04186934,0
0.11311326,-0.1168515,0
0.13682673,-0.07689228,0
-0.00234013,-0.28655445,0
-0.04979843,0.00944752,0
-0.03187749,0.06618813,0
-0.10771012,-0.02876351,0
-0.04692104,-0.21020931,0
0.0642881,0.00014593,0
0.11504037,0.03605972,0
-0.25399553,0.00597215,0
-0.19280177,0.01620565,0
0.01110247,-0.05857212,0
-0.25399553,0.00597215,0
0.04757659,0.00072489,0
0.0642881,0.00014593,0
-0.13932528,0.00154364,0
-0.10883046,-0.28710913,0
0.02127248,-0.11242153,0
-0.07590656,0.04720747,0
-0.09786161,-0.08598672,0
0.03370547,-0.05610084,0
0.17513163,-0.09603061,0
0.20151055,0.12980248,0
0.11311326,-0.1168515,0
0.20244697,0.13117859,0
-0.04692104,-0.21020931,0
-0.13726409,-0.14506711,0
-0.08434337,0.17249436,0
-0.25399553,0.00597215,0
-0.25399553,0.00597215,0
-0.07590656,0.04720747,0
-0.25399553,0.00597215,0
0.02373597,0.0072617,0
0.11863837,0.10549377,0
-0.08434337,0.17249436,0
0.17513163,-0.09603061,0
0.11311326,-0.1168515,0
0.11863837,0.10549377,0
0.20244697,0.13117859,0
0.13682673,-0.07689228,0
-0.25399553,0.00597215,0
0.11737026,0.03207837,0
0.20244697,0.13117859,0
-0.08434337,0.17249436,0
0.17513163,-0.09603061,0
0.03732139,0.06597545,0
-0.05708785,-0.08867123,0
-0.06963053,0.04252311,0
0.00770315,0.0989158,0
-0.0360455,0.0531891,0
-0.25399553,0.00597215,0
0.09941813,-0.11123857,0
-0.25399553,0.00597215,0
0.17513163,-0.09603061,0
-0.25399553,0.00597215,0
-0.10718829,0.03327753,0
0.12920465,-0.07281466,0
0.00170294,-0.08801504,0
-0.10736367,-0.05435223,0
0.02997569,-0.03438105,0
0.11654072,-0.12283418,0
-0.25399553,0.00597215,0
0.11863837,0.10549377,0
0.1036453,-0.02535519,0
-0.0530455,-0.12402266,0
-0.04692104,-0.21020931,0
0.21720242,-0.17870691,0
0.01947921,-0.00528761,0
0.13682673,-0.07689228,0
-0.25399553,0.00597215,0
-0.25399553,0.00597215,0
0.17513163,-0.09603061,0
-0.10771012,-0.02876351,0
0.20244697,0.13117859,0
0.20244697,0.13117859,0
0.11863837,0.10549377,0
-0.08434337,0.17249436,0
-0.06421213,-0.12971066,0
0.20151055,0.12980248,0
0.17513163,-0.09603061,0
0.03941459,0.09872724,0
0.11863837,0.10549377,0
0.20244697,0.13117859,0
0.20244697,0.13117859,0
0.11863837,0.10549377,0
-0.25399553,0.00597215,0
0.20244697,0.13117859,0
-0.06963053,0.04252311,0
0.20244697,0.13117859,0
0.20244697,0.13117859,0
0.00770315,0.0989158,0
0.08696064,0.09651897,0
-0.25399553,0.00597215,0
-0.04692104,-0.21020931,0
-0.06323843,0.0904772,0
-0.25399553,0.00597215,0
0.14061687,-0.06423431,0
-0.25399553,0.00597215,0
-0.25399553,0.00597215,0
-0.14353138,-0.00099953,0
0.00770315,0.0989158,0
0.11863837,0.10549377,0
0.11877195,-0.21885829,0
-0.25399553,0.00597215,0
0.11863837,0.10549377,0
0.15895423,-0.10247403,0
-0.00170317,-0.04617429,0
-0.14345393,-0.01934712,0
-0.04565272,-0.03958644,0
0.04144915,0.03796961,0
-0.03187749,0.06618813,0
0.20244697,0.13117859,0
-0.16546659,0.03616768,0
0.17513163,-0.09603061,0
0.11863837,0.10549377,0
-0.25399553,0.00597215,0
0.20244697,0.13117859,0
0.13682673,-0.07689228,0
-0.03160296,-0.13543768,0
-0.08434337,0.17249436,0
-0.22559412,0.04186934,0
-0.06963053,0.04252311,0
-0.25399553,0.00597215,0
-0.08434337,0.17249436,0
0.13682673,-0.07689228,0
-0.08434337,0.17249436,0
0.20244697,0.13117859,0
0.11654072,-0.12283418,0
-0.0598132,-0.26855503,0
-0.10718829,0.03327753,0
0.20151055,0.12980248,0
-0.08434337,0.17249436,0
0.11737026,0.03207837,0
-0.25399553,0.00597215,0
-0.03160296,-0.13543768,0
0.13682673,-0.07689228,0
-0.25399553,0.00597215,0
-0.25399553,0.00597215,0
0.00286527,-0.23050209,0
0.11863837,0.10549377,0
-0.25399553,0.00597215,0
-0.25399553,0.00597215,0
0.11863837,0.10549377,0
-0.08434337,0.17249436,0
-0.25399553,0.00597215,0
0.11863837,0.10549377,0
-0.03187749,0.06618813,0
0.11737026,0.03207837,0
0.04757659,0.00072489,0
0.17513163,-0.09603061,0
-0.25399553,0.00597215,0
-0.04692104,-0.21020931,0
0.0642881,0.00014593,0
-0.17637879,0.04380098,0
0.17513163,-0.09603061,0
-0.25399553,0.00597215,0
-0.08434337,0.17249436,0
-0.25399553,0.00597215,0
0.00770315,0.0989158,0
-0.25399553,0.00597215,0
0.05037928,-0.11194909,0
-0.25399553,0.00597215,0
-0.03467162,-0.21073266,0
0.05808236,-0.13841292,0
-0.04979843,0.00944752,0
-0.08434337,0.17249436,0
-0.08434337,0.17249436,0
-0.25399553,0.00597215,0
-0.10771012,-0.02876351,0
-0.25399553,0.00597215,0
-0.04325907,-0.19228844,0
0.14061687,-0.06423431,0
-0.10883046,-0.28710913,0
-0.19280177,0.01620565,0
0.08696064,0.09651897,0
-0.08434337,0.17249436,0
-0.04692104,-0.21020931,0
-0.09786161,-0.08598672,0
0.11863837,0.10549377,0
-0.25399553,0.00597215,0
0.02009554,-0.16817594,0
0.17513163,-0.09603061,0
-0.04692104,-0.21020931,0
0.17513163,-0.09603061,0
0.02193671,0.05127661,0
-0.22559412,0.04186934,0
0.20244697,0.13117859,0
-0.06963053,0.04252311,0
0.0642881,0.00014593,0
0.17513163,-0.09603061,0
0.05802532,-0.08990772,0
0.05808236,-0.13841292,0
-0.03160296,-0.13543768,0
-0.06963053,0.04252311,0
0.25309861,-0.38561636,0
0.0655665,0.12319487,0
0.20244697,0.13117859,0
0.00286527,-0.23050209,0
-0.25399553,0.00597215,0
-0.04692104,-0.21020931,0
0.20244697,0.13117859,0
-0.04692104,-0.21020931,0
0.0655665,0.12319487,0
0.20151055,0.12980248,0
0.00770315,0.0989158,0
-0.11176871,-0.03868909,0
-0.08434337,0.17249436,0
-0.25399553,0.00597215,0
0.13682673,-0.07689228,0
0.13682673,-0.07689228,0
-0.08434337,0.17249436,0
-0.25399553,0.00597215,0
0.11863837,0.10549377,0
0.00770315,0.0989158,0
0.20244697,0.13117859,0
0.20244697,0.13117859,0
0.01947921,-0.00528761,0
0.21105963,-0.02256437,0
0.20244697,0.13117859,0
0.05802532,-0.08990772,0
-0.03160296,-0.13543768,0
0.11863837,0.10549377,0
0.00406384,-0.06290518,0
-0.10517853,0.01843226,0
0.0642881,0.00014593,0
-0.25399553,0.00597215,0
-0.11524302,0.11206341,0
-0.25399553,0.00597215,0
0.17513163,-0.09603061,0
0.20151055,0.12980248,0
0.11737026,0.03207837,0
0.11863837,0.10549377,0
0.17513163,-0.09603061,0
0.07096682,0.12284143,0
0.05294535,-0.27611524,0
-0.25399553,0.00597215,0
-0.14353138,-0.00099953,0
-0.25399553,0.00597215,0
-0.00170317,-0.04617429,0
-0.06963053,0.04252311,0
0.00770315,0.0989158,0
-0.08434337,0.17249436,0
-0.25399553,0.00597215,0
0.14061687,-0.06423431,0
-0.06963053,0.04252311,0
0.1036453,-0.02535519,0
0.20244697,0.13117859,0
-0.25399553,0.00597215,0
-0.03187749,0.06618813,0
0.11863837,0.10549377,0
-0.15752126,-0.03484652,0
0.06577898,-0.04180379,0
-0.25399553,0.00597215,0
-0.03662534,-0.07164438,0
-0.25399553,0.00597215,0
0.00406384,-0.06290518,0
-0.25399553,0.00597215,0
-0.08434337,0.17249436,0
0.20244697,0.13117859,0
-0.25399553,0.00597215,0
-0.25399553,0.00597215,0
-0.25399553,0.00597215,0
0.11863837,0.10549377,0
0.20244697,0.13117859,0
0.22534277,-0.2232831,0
-0.25399553,0.00597215,0
0.17270702,-0.2284568,0
0.13682673,-0.07689228,0
-0.25399553,0.00597215,0
-0.25399553,0.00597215,0
-0.04692104,-0.21020931,0
-0.25399553,0.00597215,0
0.04680967,-0.2100337,0
-0.00976344,-0.10443851,0
0.13589956,0.0813043,0
-0.08434337,0.17249436,0
0.07813082,-0.08033933,0
-0.06963053,0.04252311,0
0.14639298,-0.00881604,0
-0.02110998,-0.09594184,0
0.11737026,0.03207837,0
-0.0360455,0.0531891,0
0.11863837,0.10549377,0
0.0642881,0.00014593,0
0.0650798,-0.08783663,0
0.13589956,0.0813043,0
-0.09609925,0.00042581,0
0.08189299,-0.04260564,0
0.20244697,0.13117859,0
-0.25399553,0.00597215,0
0.143902,-0.19227795,0
-0.25399553,0.00597215,0
0.11863837,0.10549377,0
0.0447584,-0.10776826,0
-0.25399553,0.00597215,0
0.0642881,0.00014593,0
-0.04692104,-0.21020931,0
0.09551726,0.10000001,0
0.17513163,-0.09603061,0
0.20151055,0.12980248,0
0.14061687,-0.06423431,0
-0.25399553,0.00597215,0
-0.25399553,0.00597215,0
0.13682673,-0.07689228,0
-0.10718829,0.03327753,0
0.06357681,0.01529895,0
0.20244697,0.13117859,0
-0.02043632,-0.01666419,0
-0.03160296,-0.13543768,0
-0.08434337,0.17249436,0
-0.04692104,-0.21020931,0
0.14061687,-0.06423431,0
-0.06963053,0.04252311,0
0.11863837,0.10549377,0
-0.0360455,0.0531891,0
0.07323012,-0.08014699,0
0.11863837,0.10549377,0
0.13589956,0.0813043,0
0.20244697,0.13117859,0
0.0618262,0.11582127,0
0.09377111,0.13308878,0
-0.25399553,0.00597215,0
0.11863837,0.10549377,0
0.20244697,0.13117859,0
0.11863837,0.10549377,0
0.09012594,0.05043921,0
0.0642881,0.00014593,0
0.0642881,0.00014593,0
-0.25399553,0.00597215,0
0.20244697,0.13117859,0
0.07415915,-0.22428808,0
0.11863837,0.10549377,0
0.20244697,0.13117859,0
-0.22559412,0.04186934,0
-0.0360455,0.0531891,0
0.09377111,0.13308878,0
-0.10771012,-0.02876351,0
0.17513163,-0.09603061,0
0.08696064,0.09651897,0
0.22913865,-0.18167323,0
-0.00943013,-0.02195215,0
-0.0360455,0.0531891,0
0.20244697,0.13117859,0
0.17270702,-0.2284568,0
-0.00170317,-0.04617429,0
0.11863837,0.10549377,0
-0.08434337,0.17249436,0
-0.25399553,0.00597215,0
0.20244697,0.13117859,0
-0.01023141,-0.00936742,0
-0.25399553,0.00597215,0
0.17513163,-0.09603061,0
-0.25399553,0.00597215,0
-0.25399553,0.00597215,0
0.11863837,0.10549377,0
0.17513163,-0.09603061,0
-0.25399553,0.00597215,0
-0.08434337,0.17249436,0
0.20244697,0.13117859,0
0.11863837,0.10549377,0
0.20244697,0.13117859,0
0.11311326,-0.1168515,0
-0.25399553,0.00597215,0
0.11863837,0.10549377,0
0.20277003,-0.07082421,0
0.17513163,-0.09603061,0
-0.0450331,-0.23230802,0
-0.25399553,0.00597215,0
0.00286527,-0.23050209,0
0.20244697,0.13117859,0
-0.25399553,0.00597215,0
-0.25399553,0.00597215,0
-0.04692104,-0.21020931,0
-0.25399553,0.00597215,0
0.20244697,0.13117859,0
-0.08434337,0.17249436,0
-0.03160296,-0.13543768,0
0.01564455,-0.07062422,0
0.17513163,-0.09603061,0
0.17513163,-0.09603061,0
-0.11990517,-0.35370907,0
-0.25399553,0.00597215,0
-0.02907793,0.06254755,0
-0.00170317,-0.04617429,0
-0.25399553,0.00597215,0
-0.16752843,0.06761732,0
0.20151055,0.12980248,0
-0.03160296,-0.13543768,0
-0.06323843,0.0904772,0
0.20151055,0.12980248,0
-0.10718829,0.03327753,0
0.02373597,0.0072617,0
-0.02563623,0.18904882,0
-0.00170317,-0.04617429,0
0.13682673,-0.07689228,0
0.20244697,0.13117859,0
0.11475354,-0.08654521,0
0.11311326,-0.1168515,0
0.17513163,-0.09603061,0
-0.25399553,0.00597215,0
0.11863837,0.10549377,0
-0.25399553,0.00597215,0
0.01947921,-0.00528761,0
-0.04692104,-0.21020931,0
0.04758385,0.04680175,0
0.13682673,-0.07689228,0
-0.08434337,0.17249436,0
-0.01241285,-0.2048152,0
0.20244697,0.13117859,0
-0.25399553,0.00597215,0
0.05808236,-0.13841292,0
0.01926934,0.15509531,0
-0.00053872,-0.01413947,0
-0.25399553,0.00597215,0
-0.08434337,0.17249436,0
0.11863837,0.10549377,0
-0.25399553,0.00597215,0
-0.25399553,0.00597215,0
0.13682673,-0.07689228,0
0.00770315,0.0989158,0
0.08696064,0.09651897,0
0.14061687,-0.06423431,0
0.03941459,0.09872724,0
0.04144915,0.03796961,0
-0.03745873,-0.11446046,0
-0.06963053,0.04252311,0
0.11311326,-0.1168515,0
0.10934166,-0.01557186,0
0.20603343,-0.08507825,0
0.20244697,0.13117859,0
-0.03160296,-0.13543768,0
0.0618262,0.11582127,0
-0.25399553,0.00597215,0
-0.25399553,0.00597215,0
0.11863837,0.10549377,0
0.11863837,0.10549377,0
-0.03160296,-0.13543768,0
-0.25399553,0.00597215,0
-0.03160296,-0.13543768,0
0.16041834,-0.25629535,0
0.20151055,0.12980248,0
0.14061687,-0.06423431,0
0.13682673,-0.07689228,0
-0.08434337,0.17249436,0
-0.25399553,0.00597215,0
-0.08434337,0.17249436,0
0.00770315,0.0989158,0
-0.03160296,-0.13543768,0
-0.25399553,0.00597215,0
0.11863837,0.10549377,0
0.10235039,-0.15173385,0
0.11737026,0.03207837,0
0.13682673,-0.07689228,0
0.20244697,0.13117859,0
-0.25399553,0.00597215,0
-0.25399553,0.00597215,0
-0.10718829,0.03327753,0
0.26749775,-0.21713105,0
0.11863837,0.10549377,0
0.11863837,0.10549377,0
-0.25399553,0.00597215,0
-0.04979843,0.00944752,0
0.11863837,0.10549377,0
0.29176979,-0.04270548,0
-0.14353138,-0.00099953,0
0.14061687,-0.06423431,0
0.15895423,-0.10247403,0
0.03263866,-0.01505337,0
-0.25399553,0.00597215,0
-0.06963053,0.04252311,0
0.20244697,0.13117859,0
-0.0360455,0.0531891,0
-0.25399553,0.00597215,0
-0.06323843,0.0904772,0
-0.14353138,-0.00099953,0
0.17513163,-0.09603061,0
-0.25399553,0.00597215,0
-0.14353138,-0.00099953,0
0.20244697,0.13117859,0
0.07359853,0.11002454,0
-0.22559412,0.04186934,0
0.20244697,0.13117859,0
0.20244697,0.13117859,0
-0.25399553,0.00597215,0
-0.25399553,0.00597215,0
-0.25399553,0.00597215,0
0.04757659,0.00072489,0
-0.10718829,0.03327753,0
-0.08434337,0.17249436,0
0.0642881,0.00014593,0
0.11863837,0.10549377,0
-0.08434337,0.17249436,0
0.20244697,0.13117859,0
0.05808236,-0.13841292,0
-0.25399553,0.00597215,0
0.11863837,0.10549377,0
0.17513163,-0.09603061,0
0.0650798,-0.08783663,0
-0.25399553,0.00597215,0
-0.0929012,0.04808752,0
0.13682673,-0.07689228,0
0.11863837,0.10549377,0
-0.08434337,0.17249436,0
-0.25399553,0.00597215,0
0.23422749,-0.23545462,0
0.11737026,0.03207837,0
0.11737026,0.03207837,0
0.02373597,0.0072617,0
0.11863837,0.10549377,0
0.01069294,0.09417555,0
-0.06963053,0.04252311,0
0.05037928,-0.11194909,0
-0.00734147,-0.09801984,0
0.0817331,-0.22667744,0
-0.0360455,0.0531891,0
-0.0024913,0.0346744,0
-0.25399553,0.00597215,0
0.15501201,0.00978859,0
-0.08434337,0.17249436,0
0.20244697,0.13117859,0
0.06519034,0.06742379,0
-0.25399553,0.00597215,0
-0.25399553,0.00597215,0
-0.25399553,0.00597215,0
0.14061687,-0.06423431,0
-0.10771012,-0.02876351,0
-0.01241285,-0.2048152,0
0.17513163,-0.09603061,0
-0.25399553,0.00597215,0
-0.14353138,-0.00099953,0
-0.25399553,0.00597215,0
0.03312386,0.10549306,0
0.20244697,0.13117859,0
0.13682673,-0.07689228,0
0.11863837,0.10549377,0
0.17513163,-0.09603061,0
0.21391594,-0.06355645,0
0.11737026,0.03207837,0
-0.25399553,0.00597215,0
0.20244697,0.13117859,0
-0.08434337,0.17249436,0
-0.03160296,-0.13543768,0
0.22529616,-0.23897487,0
0.00770315,0.0989158,0
0.00022061,-0.19668278,0
0.11863837,0.10549377,0
0.14061687,-0.06423431,0
-0.02043632,-0.01666419,0
-0.25399553,0.00597215,0
0.20244697,0.13117859,0
-0.25399553,0.00597215,0
-0.2158495,-0.16874834,0
-0.04692104,-0.21020931,0
-0.25399553,0.00597215,0
0.11863837,0.10549377,0
-0.08434337,0.17249436,0
0.16341438,-0.07622662,0
-0.25399553,0.00597215,0
0.20277003,-0.07082421,0
-0.03745873,-0.11446046,0
-0.25399553,0.00597215,0
-0.01995219,-0.04215467,0
0.17513163,-0.09603061,0
0.11737026,0.03207837,0
0.04758385,0.04680175,0
0.17513163,-0.09603061,0
-0.08434337,0.17249436,0
0.17513163,-0.09603061,0
0.26370108,-0.04358935,0
0.08696064,0.09651897,0
-0.1541709,0.13639355,0
0.13682673,-0.07689228,0
-0.0024913,0.0346744,0
-0.00822992,-0.17713047,0
-0.25399553,0.00597215,0
-0.25399553,0.00597215,0
-0.08434337,0.17249436,0
0.14639298,-0.00881604,0
0.11737026,0.03207837,0
-0.03160296,-0.13543768,0
-0.08434337,0.17249436,0
0.13682673,-0.07689228,0
0.0655665,0.12319487,0
0.20244697,0.13117859,0
-0.25399553,0.00597215,0
-0.25399553,0.00597215,0
0.08696064,0.09651897,0
0.20244697,0.13117859,0
0.11384088,-0.21629139,0
-0.14353138,-0.00099953,0
-0.10883046,-0.28710913,0
0.0655665,0.12319487,0
-0.14345393,-0.01934712,0
-0.25399553,0.00597215,0
-0.25399553,0.00597215,0
-0.08434337,0.17249436,0
0.11863837,0.10549377,0
-0.10771012,-0.02876351,0
-0.03160296,-0.13543768,0
-0.09618089,0.13335956,0
-0.08434337,0.17249436,0
0.26749775,-0.21713105,0
0.14061687,-0.06423431,0
-0.04801756,-0.13164137,0
0.11654072,-0.12283418,0
-0.25399553,0.00597215,0
0.24329196,-0.0880278,0
-0.08434337,0.17249436,0
-0.25399553,0.00597215,0
-0.04692104,-0.21020931,0
0.08696064,0.09651897,0
0.13682673,-0.07689228,0
-0.03187749,0.06618813,0
0.17513163,-0.09603061,0
0.10937273,-0.11753999,0
0.13589956,0.0813043,0
0.07072851,-0.01955521,0
-0.08434337,0.17249436,0
0.13682673,-0.07689228,0
0.20244697,0.13117859,0
0.11863837,0.10549377,0
0.07813082,-0.08033933,0
0.01627229,-0.16727729,0
-0.03160296,-0.13543768,0
0.20151055,0.12980248,0
0.17513163,-0.09603061,0
-0.08434337,0.17249436,0
-0.25399553,0.00597215,0
0.10311538,-0.06440538,0
0.20244697,0.13117859,0
-0.25399553,0.00597215,0
-0.04979843,0.00944752,0
-0.25399553,0.00597215,0
0.01564455,-0.07062422,0
0.11863837,0.10549377,0
0.0650798,-0.08783663,0
-0.25399553,0.00597215,0
-0.25399553,0.00597215,0
0.11737026,0.03207837,0
-0.10771012,-0.02876351,0
0.20244697,0.13117859,0
-0.04692104,-0.21020931,0
0.17513163,-0.09603061,0
0.01947921,-0.00528761,0
0.15895423,-0.10247403,0
-0.25399553,0.00597215,0
-0.25399553,0.00597215,0
0.17513163,-0.09603061,0
-0.25399553,0.00597215,0
-0.10771012,-0.02876351,0
0.11863837,0.10549377,0
0.07601677,-0.06661734,0
0.20244697,0.13117859,0
-0.25399553,0.00597215,0
-0.25399553,0.00597215,0
-0.25399553,0.00597215,0
-0.08434337,0.17249436,0
0.16238758,-0.03513986,0
0.05808236,-0.13841292,0
-0.07960075,0.11442554,0
0.03312386,0.10549306,0
-0.08434337,0.17249436,0
-0.04714939,-0.13660412,0
-0.25399553,0.00597215,0
-0.25399553,0.00597215,0
0.15895423,-0.10247403,0
0.11863837,0.10549377,0
0.20244697,0.13117859,0
-0.08434337,0.17249436,0
-0.25399553,0.00597215,0
-0.25399553,0.00597215,0
0.20244697,0.13117859,0
-0.25399553,0.00597215,0
0.13682673,-0.07689228,0
-0.01995219,-0.04215467,0
-0.25399553,0.00597215,0
-0.02110998,-0.09594184,0
0.11311326,-0.1168515,0
0.11737026,0.03207837,0
-0.25399553,0.00597215,0
-0.04692104,-0.21020931,0
0.11863837,0.10549377,0
0.11475354,-0.08654521,0
-0.00170317,-0.04617429,0
-0.18476274,0.02256783,0
-0.25399553,0.00597215,0
-0.22559412,0.04186934,0
-0.08434337,0.17249436,0
-0.04692104,-0.21020931,0
0.11863837,0.10549377,0
-0.05708785,-0.08867123,0
0.02373597,0.0072617,0
-0.25399553,0.00597215,0
-0.08434337,0.17249436,0
0.01564455,-0.07062422,0
0.21105963,-0.02256437,0
0.22534277,-0.2232831,0
-0.06963053,0.04252311,0
0.00770315,0.0989158,0
-0.25399553,0.00597215,0
0.04758385,0.04680175,0
0.11737026,0.03207837,0
0.11311326,-0.1168515,0
-0.06963053,0.04252311,0
0.06357681,0.01529895,0
-0.10771012,-0.02876351,0
0.13682673,-0.07689228,0
0.08696064,0.09651897,0
-0.25399553,0.00597215,0
-0.25399553,0.00597215,0
-0.08434337,0.17249436,0
0.20151055,0.12980248,0
-0.25399553,0.00597215,0
0.05808236,-0.13841292,0
-0.16752843,0.06761732,0
0.01505887,-0.16043013,0
0.20244697,0.13117859,0
0.20244697,0.13117859,0
0.14061687,-0.06423431,0
0.17513163,-0.09603061,0
-0.10771012,-0.02876351,0
-0.08434337,0.17249436,0
0.12686501,-0.14971527,0
-0.03160296,-0.13543768,0
0.11737026,0.03207837,0
0.07335147,-0.26909215,0
0.13682673,-0.07689228,0
0.03312386,0.10549306,0
0.00406384,-0.06290518,0
0.17053029,-0.13748815,0
0.20244697,0.13117859,0
-0.14353138,-0.00099953,0
0.13682673,-0.07689228,0
-0.03160296,-0.13543768,0
-0.08434337,0.17249436,0
0.20244697,0.13117859,0
0.0655665,0.12319487,0
-0.08434337,0.17249436,0
0.11469011,0.01785709,0
0.06357681,0.01529895,0
-0.25399553,0.00597215,0
0.0655665,0.12319487,0
-0.04692104,-0.21020931,0
-0.05019311,-0.08105172,0
-0.13726409,-0.14506711,0
0.20244697,0.13117859,0
-0.25399553,0.00597215,0
-0.04692104,-0.21020931,0
0.18319695,-0.00787483,0
0.11475354,-0.08654521,0
-0.25399553,0.00597215,0
-0.25399553,0.00597215,0
-0.03863953,-0.08369615,0
0.11863837,0.10549377,0
-0.11147241,-0.04759926,0
-0.25399553,0.00597215,0
0.05294535,-0.27611524,0
0.20244697,0.13117859,0
-0.25399553,0.00597215,0
-0.00170317,-0.04617429,0
0.20244697,0.13117859,0
0.13682673,-0.07689228,0
0.20244697,0.13117859,0
0.08696064,0.09651897,0
0.03220171,0.01253484,0
0.13682673,-0.07689228,0
0.20244697,0.13117859,0
0.11863837,0.10549377,0
0.20244697,0.13117859,0
-0.25399553,0.00597215,0
0.13682673,-0.07689228,0
0.17513163,-0.09603061,0
-0.25399553,0.00597215,0
0.0111521,-0.03576107,0
-0.0292978,-0.19555404,0
0.122682,-0.05151387,0
0.20244697,0.13117859,0
0.20244697,0.13117859,0
-0.25399553,0.00597215,0
0.13589956,0.0813043,0
-0.25399553,0.00597215,0
0.17513163,-0.09603061,0
-0.10771012,-0.02876351,0
-0.08434337,0.17249436,0
-0.08434337,0.17249436,0
0.11863837,0.10549377,0
-0.14353138,-0.00099953,0
0.20244697,0.13117859,0
-0.08434337,0.17249436,0
0.20244697,0.13117859,0
-0.10771012,-0.02876351,0
0.11863837,0.10549377,0
0.20244697,0.13117859,0
-0.25399553,0.00597215,0
0.11647636,0.07616893,0
0.20749293,0.01672902,0
-0.01217081,-0.14207369,0
0.0642881,0.00014593,0
0.09132311,0.02345956,0
0.14061687,-0.06423431,0
-0.08434337,0.17249436,0
0.06127533,-0.01254572,0
0.0642881,0.00014593,0
0.11311326,-0.1168515,0
-0.25399553,0.00597215,0
-0.11237834,-0.07257504,0
0.11863837,0.10549377,0
-0.10771012,-0.02876351,0
0.06673117,-0.03037433,0
0.11863837,0.10549377,0
0.20244697,0.13117859,0
-0.03812443,-0.04192691,0
0.16211904,-0.2100976,0
0.20244697,0.13117859,0
0.08696064,0.09651897,0
-0.25399553,0.00597215,0
0.20151055,0.12980248,0
0.20151055,0.12980248,0
-0.18075837,0.04176772,0
-0.13932528,0.00154364,0
0.20244697,0.13117859,0
0.11863837,0.10549377,0
-0.0360455,0.0531891,0
-0.03160296,-0.13543768,0
-0.0360455,0.0531891,0
0.20244697,0.13117859,0
0.11863837,0.10549377,0
0.04757659,0.00072489,0
0.08696064,0.09651897,0
-0.0370473,-0.06759263,0
-0.10883046,-0.28710913,0
0.20244697,0.13117859,0
0.14061687,-0.06423431,0
0.06899645,-0.12786968,0
-0.10883046,-0.28710913,0
0.04758385,0.04680175,0
-0.03745873,-0.11446046,0
-0.25399553,0.00597215,0
0.26370108,-0.04358935,0
0.17513163,-0.09603061,0
-0.25399553,0.00597215,0
-0.14353138,-0.00099953,0
0.20244697,0.13117859,0
0.06222741,-0.01202229,0
0.04758385,0.04680175,0
0.20244697,0.13117859,0
-0.08434337,0.17249436,0
0.14061687,-0.06423431,0
-0.04325907,-0.19228844,0
0.21105963,-0.02256437,0
0.11737026,0.03207837,0
0.30974117,-0.01758743,0
-0.01556825,-0.05906095,0
-0.25399553,0.00597215,0
0.13682673,-0.07689228,0
0.14061687,-0.06423431,0
0.05808236,-0.13841292,0
-0.14353138,-0.00099953,0
-0.25399553,0.00597215,0
0.11863837,0.10549377,0
-0.03995857,0.03111897,0
0.0642881,0.00014593,0
0.20244697,0.13117859,0
-0.14353138,-0.00099953,0
0.11863837,0.10549377,0
0.04758385,0.04680175,0
-0.15082159,-0.29312334,0
0.02373597,0.0072617,0
0.20244697,0.13117859,0
0.13682673,-0.07689228,0
-0.04692104,-0.21020931,0
-0.04692104,-0.21020931,0
0.11863837,0.10549377,0
-0.14353138,-0.00099953,0
0.11863837,0.10549377,0
0.18719854,-0.37131404,0
-0.08434337,0.17249436,0
-0.25399553,0.00597215,0
-0.07911703,-0.09689287,0
-0.11524302,0.11206341,0
-0.0598132,-0.26855503,0
-0.01459239,-0.02454359,0
-0.14353138,-0.00099953,0
0.13682673,-0.07689228,0
-0.25399553,0.00597215,0
-0.25399553,0.00597215,0
0.11863837,0.10549377,0
0.11863837,0.10549377,0
-0.10771012,-0.02876351,0
-0.25399553,0.00597215,0
0.20244697,0.13117859,0
-0.04381096,-0.22471961,0
0.17513163,-0.09603061,0
-0.14353138,-0.00099953,0
0.04119868,-0.13037248,0
0.02650054,-0.07861523,0
-0.00170317,-0.04617429,0
-0.08434337,0.17249436,0
0.11863837,0.10549377,0
-0.03863953,-0.08369615,0
-0.14353138,-0.00099953,0
0.11311326,-0.1168515,0
-0.03160296,-0.13543768,0
0.20244697,0.13117859,0
0.11863837,0.10549377,0
-0.04979843,0.00944752,0
0.0655665,0.12319487,0
-0.03812443,-0.04192691,0
-0.25399553,0.00597215,0
-0.05708785,-0.08867123,0
-0.12183296,-0.11812472,0
-0.10718829,0.03327753,0
0.17513163,-0.09603061,0
0.03263866,-0.01505337,0
0.03732139,0.06597545,0
0.20244697,0.13117859,0
0.02009554,-0.16817594,0
-0.25399553,0.00597215,0
0.17513163,-0.09603061,0
0.13682673,-0.07689228,0
0.01564455,-0.07062422,0
-0.25399553,0.00597215,0
0.11863837,0.10549377,0
0.20244697,0.13117859,0
-0.08934782,0.05808834,0
0.02373597,0.0072617,0
-0.08434337,0.17249436,0
-0.25399553,0.00597215,0
-0.25399553,0.00597215,0
0.20244697,0.13117859,0
0.11863837,0.10549377,0
-0.25399553,0.00597215,0
0.13682673,-0.07689228,0
-0.08434337,0.17249436,0
0.0655665,0.12319487,0
0.11737026,0.03207837,0
-0.25399553,0.00597215,0
0.11863837,0.10549377,0
0.17513163,-0.09603061,0
0.13682673,-0.07689228,0
0.13682673,-0.07689228,0
0.17513163,-0.09603061,0
0.07072851,-0.01955521,0
-0.25399553,0.00597215,0
0.20244697,0.13117859,0
0.20244697,0.13117859,0
0.17513163,-0.09603061,0
0.20151055,0.12980248,0
0.11654072,-0.12283418,0
0.08696064,0.09651897,0
0.29156569,-0.15168334,0
-0.04692104,-0.21020931,0
0.14099305,-0.00846328,0
0.11863837,0.10549377,0
0.11863837,0.10549377,0
0.05294535,-0.27611524,0
0.13682673,-0.07689228,0
-0.25399553,0.00597215,0
0.20603343,-0.08507825,0
0.0642881,0.00014593,0
0.0642881,0.00014593,0
0.11863837,0.10549377,0
0.13682673,-0.07689228,0
0.20244697,0.13117859,0
0.20244697,0.13117859,0
-0.03160296,-0.13543768,0
-0.05830962,0.09205145,0
-0.25399553,0.00597215,0
0.0650798,-0.08783663,0
0.26370108,-0.04358935,0
0.20244697,0.13117859,0
-0.0024913,0.0346744,0
-0.08434337,0.17249436,0
-0.10771012,-0.02876351,0
0.05413745,0.0186684,0
-0.25399553,0.00597215,0
0.04758385,0.04680175,0
-0.05524331,0.00068134,0
-0.04692104,-0.21020931,0
-0.14353138,-0.00099953,0
0.11863837,0.10549377,0
0.03272628,0.04334547,0
0.0174181,-0.28762774,0
0.1275936,0.00470485,0
-0.10771012,-0.02876351,0
0.11863837,0.10549377,0
0.17513163,-0.09603061,0
0.01309503,0.01411727,0
0.17513163,-0.09603061,0
0.0642881,0.00014593,0
-0.08434337,0.17249436,0
-0.08434337,0.17249436,0
-0.08434337,0.17249436,0
0.20244697,0.13117859,0
-0.14353138,-0.00099953,0
0.08147352,-0.20771246,0
0.11863837,0.10549377,0
-0.10718829,0.03327753,0
0.0655665,0.12319487,0
0.06899645,-0.12786968,0
0.05808236,-0.13841292,0
0.05802532,-0.08990772,0
-0.08434337,0.17249436,0
0.17513163,-0.09603061,0
-0.00170317,-0.04617429,0
-0.25399553,0.00597215,0
0.11737026,0.03207837,0
0.20244697,0.13117859,0
0.20244697,0.13117859,0
-0.10883046,-0.28710913,0
-0.0357685,0.02490813,0
0.13682673,-0.07689228,0
0.0655665,0.12319487,0
-0.25399553,0.00597215,0
-0.14353138,-0.00099953,0
-0.00681196,0.02368196,0
-0.25399553,0.00597215,0
-0.25399553,0.00597215,0
-0.08434337,0.17249436,0
-0.10771012,-0.02876351,0
0.0655665,0.12319487,0
0.00770315,0.0989158,0
-0.0230396,-0.13187152,0
0.11863837,0.10549377,0
0.11863837,0.10549377,0
0.11863837,0.10549377,0
0.06014008,-0.08973083,0
-0.0929012,0.04808752,0
-0.25399553,0.00597215,0
0.25309861,-0.38561636,0
0.27564142,-0.26881307,0
0.17513163,-0.09603061,0
-0.25399553,0.00597215,0
0.11863837,0.10549377,0
-0.08434337,0.17249436,0
0.00770315,0.0989158,0
0.03312386,0.10549306,0
0.05966199,0.09511525,0
0.11311326,-0.1168515,0
0.17513163,-0.09603061,0
0.13682673,-0.07689228,0
-0.10718829,0.03327753,0
-0.25399553,0.00597215,0
-0.13817137,-0.02061247,0
0.13682673,-0.07689228,0
-0.25399553,0.00597215,0
-0.25399553,0.00597215,0
-0.08434337,0.17249436,0
0.11737026,0.03207837,0
-0.03160296,-0.13543768,0
-0.25399553,0.00597215,0
0.06899645,-0.12786968,0
-0.25399553,0.00597215,0
0.12903344,-0.12242695,0
0.20244697,0.13117859,0
0.20244697,0.13117859,0
0.20244697,0.13117859,0
-0.08434337,0.17249436,0
-0.10771012,-0.02876351,0
0.20244697,0.13117859,0
0.20244697,0.13117859,0
0.20277003,-0.07082421,0
-0.0024913,0.0346744,0
-0.08434337,0.17249436,0
-0.25399553,0.00597215,0
-0.07960075,0.11442554,0
0.20244697,0.13117859,0
-0.08434337,0.17249436,0
-0.08434337,0.17249436,0
0.11863837,0.10549377,0
-0.25399553,0.00597215,0
0.03312386,0.10549306,0
0.20244697,0.13117859,0
0.20244697,0.13117859,0
-0.03160296,-0.13543768,0
0.20244697,0.13117859,0
0.15895423,-0.10247403,0
0.20151055,0.12980248,0
-0.25399553,0.00597215,0
-0.08434337,0.17249436,0
-0.25399553,0.00597215,0
0.0642881,0.00014593,0
-0.10718829,0.03327753,0
0.20244697,0.13117859,0
0.20244697,0.13117859,0
0.11737026,0.03207837,0
0.0650798,-0.08783663,0
-0.08434337,0.17249436,0
-0.03160296,-0.13543768,0
0.0029561,-0.16882727,0
0.11737026,0.03207837,0
-0.08434337,0.17249436,0
-0.04692104,-0.21020931,0
0.11863837,0.10549377,0
-0.08434337,0.17249436,0
0.0655665,0.12319487,0
0.18719854,-0.37131404,0
0.13682673,-0.07689228,0
-0.13892698,-0.09261812,0
0.03732139,0.06597545,0
0.11863837,0.10549377,0
-0.05659157,0.08564471,0
-0.14353138,-0.00099953,0
-0.25399553,0.00597215,0
0.20244697,0.13117859,0
-0.25399553,0.00597215,0
-0.08434337,0.17249436,0
0.11863837,0.10549377,0
0.21391594,-0.06355645,0
0.00406384,-0.06290518,0
0.11863837,0.10549377,0
-0.14353138,-0.00099953,0
0.17513163,-0.09603061,0
-0.0292978,-0.19555404,0
0.20244697,0.13117859,0
-0.04692104,-0.21020931,0
-0.25399553,0.00597215,0
-0.11842033,-0.03411055,0
-0.08434337,0.17249436,0
0.14061687,-0.06423431,0
0.17513163,-0.09603061,0
0.17053029,-0.13748815,0
0.00770315,0.0989158,0
-0.00170317,-0.04617429,0
-0.25399553,0.00597215,0
0.14061687,-0.06423431,0
-0.06323843,0.0904772,0
-0.08434337,0.17249436,0
0.08534357,0.0753156,0
0.17513163,-0.09603061,0
-0.25399553,0.00597215,0
-0.02110998,-0.09594184,0
0.11863837,0.10549377,0
-0.03160296,-0.13543768,0
0.00770315,0.0989158,0
0.0642881,0.00014593,0
0.07453641,-0.22734694,0
-0.11524302,0.11206341,0
-0.14353138,-0.00099953,0
-0.25399553,0.00597215,0
0.07869455,-0.07046333,0
0.11194901,0.01619698,0
-0.25399553,0.00597215,0
0.20244697,0.13117859,0
-0.25399553,0.00597215,0
0.20244697,0.13117859,0
0.20244697,0.13117859,0
-0.08434337,0.17249436,0
-0.25399553,0.00597215,0
0.17513163,-0.09603061,0
-0.25399553,0.00597215,0
0.20277003,-0.07082421,0
-0.08434337,0.17249436,0
-0.25399553,0.00597215,0
0.07323012,-0.08014699,0
0.20244697,0.13117859,0
0.20244697,0.13117859,0
0.11863837,0.10549377,0
-0.25399553,0.00597215,0
0.11654072,-0.12283418,0
-0.11990517,-0.35370907,0
0.13682673,-0.07689228,0
0.0642881,0.00014593,0
0.11863837,0.10549377,0
-0.06421213,-0.12971066,0
-0.07163958,-0.1099155,0
-0.25399553,0.00597215,0
0.17513163,-0.09603061,0
0.11863837,0.10549377,0
-0.08434337,0.17249436,0
0.01947921,-0.00528761,0
-0.25399553,0.00597215,0
0.20244697,0.13117859,0
0.17513163,-0.09603061,0
-0.25399553,0.00597215,0
-0.22770602,-0.32913201,0
-0.08434337,0.17249436,0
0.02373597,0.0072617,0
0.0655665,0.12319487,0
-0.25399553,0.00597215,0
-0.04545971,-0.00685642,0
0.07072851,-0.01955521,0
0.20244697,0.13117859,0
-0.25399553,0.00597215,0
-0.00783352,-0.08416736,0
-0.25399553,0.00597215,0
0.07072851,-0.01955521,0
-0.06963053,0.04252311,0
-0.10771012,-0.02876351,0
0.05808236,-0.13841292,0
-0.25399553,0.00597215,0
0.00286527,-0.23050209,0
0.11737026,0.03207837,0
0.38001091,-0.24195419,0
-0.08434337,0.17249436,0
0.17513163,-0.09603061,0
0.13682673,-0.07689228,0
-0.25399553,0.00597215,0
0.08696064,0.09651897,0
0.26012649,-0.17534943,0
-0.04979843,0.00944752,0
-0.0530455,-0.12402266,0
0.14061687,-0.06423431,0
-0.25399553,0.00597215,0
-0.25399553,0.00597215,0
0.20244697,0.13117859,0
0.12019987,-0.06341333,0
0.05808236,-0.13841292,0
0.11654072,-0.12283418,0
-0.25399553,0.00597215,0
-0.10780379,0.04138436,0
-0.04979843,0.00944752,0
-0.03160296,-0.13543768,0
0.00855957,0.00142699,0
0.20244697,0.13117859,0
0.11863837,0.10549377,0
0.01564455,-0.07062422,0
0.13682673,-0.07689228,0
-0.08434337,0.17249436,0
0.11863837,0.10549377,0
-0.25399553,0.00597215,0
0.11863837,0.10549377,0
0.00770315,0.0989158,0
-0.18484915,-0.2565338,0
0.18719854,-0.37131404,0
-0.03187749,0.06618813,0
-0.25399553,0.00597215,0
0.01807571,-0.15967636,0
-0.04256174,0.0906944,0
-0.25399553,0.00597215,0
-0.06963053,0.04252311,0
-0.08434337,0.17249436,0
-0.06963053,0.04252311,0
0.20151055,0.12980248,0
-0.25399553,0.00597215,0
-0.06421213,-0.12971066,0
-0.06963053,0.04252311,0
0.20244697,0.13117859,0
0.11863837,0.10549377,0
0.11863837,0.10549377,0
0.17513163,-0.09603061,0
-0.25399553,0.00597215,0
0.20244697,0.13117859,0
-0.10718829,0.03327753,0
0.08696064,0.09651897,0
-0.07363177,-0.04767438,0
-0.00314194,-0.00924294,0
0.20244697,0.13117859,0
0.20244697,0.13117859,0
0.17513163,-0.09603061,0
0.03220171,0.01253484,0
0.08696064,0.09651897,0
0.11863837,0.10549377,0
0.11863837,0.10549377,0
-0.03187749,0.06618813,0
0.20244697,0.13117859,0
-0.08434337,0.17249436,0
-0.04545971,-0.00685642,0
0.11863837,0.10549377,0
-0.06963053,0.04252311,0
0.11863837,0.10549377,0
-0.25399553,0.00597215,0
0.00724377,-0.12534219,0
-0.06323843,0.0904772,0
0.20244697,0.13117859,0
-0.01449605,-0.03228784,0
-0.00170317,-0.04617429,0
0.04757659,0.00072489,0
0.11311326,-0.1168515,0
-0.04692104,-0.21020931,0
-0.13204417,-0.21476628,0
0.05808236,-0.13841292,0
-0.07960075,0.11442554,0
0.11936776,0.0060746,0
0.20151055,0.12980248,0
-0.10771012,-0.02876351,0
-0.08434337,0.17249436,0
-0.22559412,0.04186934,0
0.04758385,0.04680175,0
0.20244697,0.13117859,0
0.00170294,-0.08801504,0
0.11863837,0.10549377,0
0.12019987,-0.06341333,0
-0.08434337,0.17249436,0
-0.25399553,0.00597215,0
0.11863837,0.10549377,0
-0.08434337,0.17249436,0
0.00750967,0.15083069,0
-0.06323843,0.0904772,0
0.20244697,0.13117859,0
0.06899645,-0.12786968,0
-0.25399553,0.00597215,0
-0.03745873,-0.11446046,0
0.17513163,-0.09603061,0
-0.25399553,0.00597215,0
-0.06963053,0.04252311,0
-0.03863953,-0.08369615,0
0.11863837,0.10549377,0
-0.01484535,-0.06491239,0
0.11737026,0.03207837,0
-0.08434337,0.17249436,0
-0.0507309,0.1404684,0
0.11863837,0.10549377,0
0.02261445,-0.28103743,0
0.11863837,0.10549377,0
-0.04256174,0.0906944,0
0.13682673,-0.07689228,0
-0.25399553,0.00597215,0
-0.25399553,0.00597215,0
0.20244697,0.13117859,0
-0.0292978,-0.19555404,0
-0.25399553,0.00597215,0
0.20244697,0.13117859,0
0.20151055,0.12980248,0
-0.25399553,0.00597215,0
0.17513163,-0.09603061,0
0.21391594,-0.06355645,0
-0.08434337,0.17249436,0
0.11863837,0.10549377,0
0.13682673,-0.07689228,0
-0.14353138,-0.00099953,0
-0.10718829,0.03327753,0
-0.06963053,0.04252311,0
0.03587065,-0.16762742,0
-0.25399553,0.00597215,0
-0.25399553,0.00597215,0
0.08696064,0.09651897,0
-0.25399553,0.00597215,0
-0.04545971,-0.00685642,0
0.228117,-0.08990154,0
0.20749293,0.01672902,0
-0.04692104,-0.21020931,0
0.11863837,0.10549377,0
-0.25399553,0.00597215,0
-0.25399553,0.00597215,0
-0.25399553,0.00597215,0
0.20244697,0.13117859,0
0.07337452,-0.02661944,0
0.11654072,-0.12283418,0
0.10937273,-0.11753999,0
0.14963592,-0.22713414,0
-0.03728575,-0.06461461,0
-0.25399553,0.00597215,0
-0.25399553,0.00597215,0
0.02922812,-0.26213778,0
0.13682673,-0.07689228,0
0.20244697,0.13117859,0
-0.07590656,0.04720747,0
-0.08434337,0.17249436,0
-0.03745873,-0.11446046,0
-0.14353138,-0.00099953,0
-0.04692104,-0.21020931,0
0.11863837,0.10549377,0
0.11863837,0.10549377,0
0.17513163,-0.09603061,0
-0.25399553,0.00597215,0
0.17513163,-0.09603061,0
-0.25399553,0.00597215,0
-0.11524302,0.11206341,0
0.14061687,-0.06423431,0
-0.25399553,0.00597215,0
0.03732139,0.06597545,0
0.00770315,0.0989158,0
0.03941459,0.09872724,0
0.20244697,0.13117859,0
-0.05708785,-0.08867123,0
-0.08434337,0.17249436,0
0.16238758,-0.03513986,0
-0.13264499,0.11739389,0
0.01505887,-0.16043013,0
0.20244697,0.13117859,0
-0.10898945,-0.09626888,0
-0.03745873,-0.11446046,0
0.0360419,0.06626647,0
0.15895423,-0.10247403,0
-0.08434337,0.17249436,0
-0.25399553,0.00597215,0
0.1036453,-0.02535519,0
-0.08434337,0.17249436,0